4.38459
3.0582
3.14013
2.36519
4.71803
2.98408
3.87338
2.33303
3.86545
3.00574
2.06017
4.15326
3.81419
5.16273
1.54485
2.76991
1.93731
3.1588
2.73994
3.06363
2.03855
3.82604
2.34952
3.35411
4.10485
2.54866
3.52355
2.16902
4.24554
3.39915
3.20158
3.22919
2.5931
2.34306
3.38116
2.59219
3.45137
3.23762
5.36026
3.02656
2.88789
4.31328
4.36676
3.65891
2.55634
3.00428
3.65574
3.41293
3.44179
3.31354
2.51752
2.07419
3.03288
3.36281
2.91563
4.25449
2.88622
2.93909
1.85745
2.16898
3.24068
3.05706
3.11512
4.69372
4.16609
2.56154
2.98055
3.32682
2.90647
3.7488
3.07427
5.6343
2.25006
2.4663
3.4389
3.60105
3.60747
2.47029
1.71735
3.5963
1.68256
3.35745
2.65539
2.33577
3.10475
3.81252
2.18869
2.83729
1.51119
1.74308
4.76657
4.09348
1.80288
3.58289
2.58946
4.20508
3.05668
1.71804
4.24564
3.35021
4.02243
4.45429
3.21945
2.12571
1.98546
1.3849
3.20125
2.61787
4.06675
2.81336
3.81802
3.90383
2.53546
3.99914
3.39037
1.51744
4.10199
3.92843
3.40046
3.61788
4.24706
4.02403
1.1079
2.17218
1.366
2.91071
3.16439
3.1114
3.86227
2.88779
2.38576
4.44032
3.4138
4.13275
2.81254
1.77437
5.29484
4.81007
2.32488
4.35275
2.40055
3.33002
4.18531
1.44069
2.67603
3.8731
3.41175
1.67
3.6872
4.21001
4.06159
3.12525
3.37469
3.44477
3.17499
2.49574
1.66565
2.88029
3.84711
1.02904
2.75003
3.69924
2.24432
1.74578
3.24958
3.2027
3.94103
3.85992
4.26426
2.76195
1.77958
2.67832
4.27474
4.244
3.03246
3.44099
2.09905
2.74939
2.34768
3.83172
2.49194
3.86292
5.19604
2.55662
4.41578
2.41901
4.06693
4.20168
3.07193
2.98737
3.55325
2.83765
2.2953
2.74973
3.30123
3.36039
3.25187
1.67521
4.39003
4.03889
3.16039
0.678208
3.95679
4.20001
2.16498
3.73332
3.36835
3.96594
3.3013
1.74409
3.68472
2.29492
3.40209
2.12272
3.58997
2.49475
3.9573
3.3351
2.23783
3.30804
3.74763
5.41583
2.2976
4.19717
3.07252
2.08515
1.93309
1.7446
4.04346
3.69763
3.17558
3.49913
3.10273
3.47001
4.04952
2.61206
3.02827
0.877072
3.93289
1.92744
1.08389
4.64203
1.80108
4.67112
4.61428
3.07239
2.27563
4.32533
3.16418
2.46161
2.30783
3.32661
2.92094
2.7991
3.62821
2.51777
3.91777
2.62306
2.16452
3.62796
2.44419
1.87378
0.985916
5.22055
2.57284
0.113289
3.56096
3.14033
3.28385
3.83265
3.42472
3.4994
2.7662
2.31748
3.86478
3.374
3.81818
3.0681
0.264957
1.91813
2.66317
4.00124
3.42743
1.78503
0.869207
1.64797
2.34318
5.9189
1.5054
2.63258
2.84103
2.29835
2.21932
3.4606
1.83251
3.03885
3.42028
3.04966
3.79274
2.28806
3.2675
1.9959
2.99934
2.42824
5.05363
3.33384
3.35647
2.57283
3.36337
4.59104
3.53926
4.67512
2.78913
2.92248
2.80552
2.21085
3.59123
3.9608
3.21065
3.18463
1.8368
2.07976
2.43918
1.25358
1.3481
3.7065
2.37315
3.53225
4.07815
2.92431
2.15928
4.17422
2.22137
3.31236
1.31476
3.80838
2.72254
2.8852
3.2865
0.266681
4.85994
1.94398
1.49824
1.02195
0.92163
3.38568
2.7316
4.20061
1.97168
2.70128
1.63429
3.26695
1.6114
3.21003
3.2413
2.61087
3.74974
3.81781
1.54437
3.21936
3.15548
1.61385
2.35915
4.10582
3.55907
3.84559
3.63656
2.08577
3.6059
2.33379
1.85066
2.29122
4.45833
3.83275
3.14865
3.58673
3.91787
3.71411
5.65733
2.91683
2.19954
3.53914
1.87298
3.43056
4.64406
3.12816
3.05654
1.879
3.26508
4.83192
3.55049
1.23327
1.95815
3.23856
2.76972
3.32043
2.94197
3.00914
2.35386
2.19795
2.46077
3.33957
4.14566
3.31117
2.64411
3.18929
3.30505
3.32937
5.36169
3.33545
3.11405
2.73149
4.49584
3.7819
1.74201
1.63291
3.20469
4.16322
3.64421
1.85274
2.0753
2.88218
2.77059
3.12091
3.39888
3.36973
3.0615
4.44634
4.59308
4.49735
3.91123
4.05671
4.31005
3.15909
2.9944
2.50653
3.42451
1.33829
4.73508
3.28073
3.26343
2.96667
0.898165
2.78467
5.36582
4.04894
2.9733
1.48324
2.75743
1.85187
3.9602
2.16602
2.87274
2.5589
3.71231
1.21857
3.1073
3.23738
4.39955
3.08668
3.39745
0.07771
2.25801
2.49845
3.74708
2.83566
2.59114
4.03942
2.76161
3.92563
3.13629
3.1509
3.19337
2.79902
1.94777
2.83977
2.38676
1.2864
1.39955
2.02104
3.10728
3.75599
1.89101
3.24682
2.2654
2.30536
1.55992
2.42738
2.03197
3.28506
1.82608
4.30384
2.72852
3.79306
3.27872
2.98627
1.01319
2.1598
3.66818
2.49741
2.05912
3.07691
3.50329
4.07533
4.17019
1.59598
2.25073
3.74217
4.49916
2.65067
0.999037
2.88853
3.06746
2.19952
2.25111
3.85457
4.04787
1.83824
2.90093
3.28148
2.06001
3.21208
1.45704
3.56067
3.47804
3.79365
0.576754
1.9779
3.0354
3.24324
0.526126
2.60212
2.67932
3.41394
3.5383
2.39927
3.50695
4.49811
4.88413
2.33447
3.66877
3.18486
3.49835
3.41498
2.14273
1.82309
3.91267
3.07217
2.71804
3.47918
1.50939
5.07564
3.47522
4.35651
2.58596
2.31395
2.86148
3.74067
0.327433
1.24067
4.01995
2.93076
2.22091
3.62633
4.46485
0.604848
1.38981
5.39308
4.04707
3.11288
2.1123
2.2596
1.62472
2.95436
2.80617
5.00303
2.57971
3.14341
2.38202
2.5988
4.80939
4.37661
3.58768
2.88236
3.82935
4.61251
3.89417
3.84755
2.64928
2.7466
4.84237
2.91029
3.27769
3.09646
1.12663
3.52299
2.48971
3.86028
1.64962
4.88183
2.9743
3.56541
1.50849
3.08217
4.34375
3.5699
4.43087
3.76269
2.27342
2.63615
3.76936
2.49304
3.05851
2.46007
2.60205
4.13812
3.71589
3.10263
2.57578
3.40369
2.62294
2.66589
2.5082
4.51849
2.8145
2.58253
3.28246
5.45188
3.51172
3.93553
1.20584
4.01751
3.15722
3.76076
1.24347
3.36507
2.78933
2.93125
5.32422
2.83056
2.25812
1.31684
3.10714
3.4233
2.21152
4.48178
3.07408
1.62783
1.86233
2.34363
3.00864
4.31288
1.13338
2.89931
3.33447
4.01114
4.62869
3.18352
3.68838
2.69207
4.54634
3.43922
3.70679
2.73233
3.59807
2.8839
2.92762
3.14455
1.73187
2.91573
1.69479
3.28962
2.92717
2.7757
1.86611
2.69797
2.18721
2.2025
1.62976
3.29669
3.03422
3.34264
4.18213
2.25815
1.6219
4.84772
2.81274
4.36253
3.7439
3.30213
3.53255
2.99299
2.85325
3.13245
1.82535
1.64253
2.19953
3.09023
2.04605
3.8138
2.45166
3.25568
2.17331
3.41512
4.35553
2.56687
1.50602
2.87033
1.96394
2.85372
2.69756
0.755742
4.84363
3.57053
3.02746
4.79206
2.06192
3.55434
1.90294
2.76737
3.75567
4.379
3.09948
2.25758
3.95448
3.36223
2.70842
3.94567
3.0382
1.65269
2.94097
2.90533
0.700994
3.98814
2.19365
4.66482
3.62939
1.25831
5.04076
3.68083
2.49935
4.0462
2.7024
2.11673
2.91989
3.03336
4.0955
2.21205
3.88641
2.5179
4.03027
3.0667
3.46698
2.71933
3.65666
3.2151
1.92551
2.90201
5.17236
2.0615
2.57516
5.10385
5.67402
1.38469
1.93899
2.34725
3.48743
1.61977
1.64537
1.91103
2.3412
4.22256
4.3397
4.30245
4.08838
3.651
1.41319
3.11608
3.30605
1.73361
3.90199
2.30064
1.66322
1.05102
0.796935
1.75589
2.93435
3.88069
2.5447
3.70345
3.07937
2.22285
3.21566
2.76588
2.74356
3.49065
3.06462
3.20937
3.06011
1.58976
4.58475
3.29538
1.7913
2.45238
2.28529
2.55138
3.17415
2.75995
3.86545
4.60917
1.93923
2.88026
2.54264
2.57302
2.9251
1.35984
4.48863
3.33443
3.01683
4.19502
3.86481
3.7729
4.57986
3.20431
4.57521
2.30009
1.20253
3.80869
4.27857
3.25161
2.99905
2.12376
3.15984
2.90768
3.73577
3.3461
3.42582
3.08855
1.78068
2.9589
2.87814
2.69503
3.46408
3.75208
2.72392
2.92601
1.22773
3.39064
4.72774
2.65748
2.40575
2.62618
1.89068
1.74039
4.33677
2.65497
3.10906
1.10464
3.89492
2.45528
1.54512
1.50562
2.91276
2.65531
4.34094
2.49045
5.27495
3.69966
3.67029
2.61024
0.78303
5.09779
3.45576
2.41049
3.13653
5.33169
3.32909
3.20135
1.4926
2.88887
3.20665
2.02472
1.57566
4.82542
3.60448
2.55925
4.53254
3.6814
3.60122
3.74255
1.62128
3.84389
3.60478
2.48461
3.45091
2.41601
4.06665
2.3402
3.59935
4.74414
2.58709
1.53242
3.78715
1.74257
2.62483
3.62084
4.64131
3.10046
1.59009
3.8092
2.40372
2.31237
1.43505
4.15062
3.24807
2.6747
4.59228
1.79498
3.76648
3.56056
3.0918
2.9204
1.9417
4.73349
4.19831
2.17329
3.1186
2.17811
3.19287
2.50361
1.68431
4.34663
2.52461
1.54119
5.22357
2.28752
4.79065
1.53026
2.95623
2.46665
4.9136
2.63119
3.3759
2.60954
4.19023
3.5697
2.50512
2.7384
3.95525
2.52089
2.48605
5.11341
1.95532
4.25174
2.00144
3.32692
2.50604
3.60953
1.05581
3.22563
2.45534
4.16743
2.56968
3.17085
4.84038
2.20226
2.94305
3.29264
2.66401
5.50653
2.53903
3.06052
3.56526
3.28483
0.662996
3.50982
3.44208
3.05876
4.69812
4.04253
2.56171
3.20888
0.883948
2.3019
1.54638
4.42508
1.61412
3.10729
3.36364
2.26635
2.54286
1.60001
4.24601
2.80037
1.02759
2.02339
1.81132
2.46499
2.78578
4.43569
3.79606
3.54056
4.97265
3.13515
2.51189
4.86091
1.48508
2.66502
3.65511
2.59097
3.48498
4.62746
3.1748
2.44301
3.60547
2.12588
4.84232
2.22785
4.77052
3.7323
3.54266
3.0369
2.92311
1.63755
3.42861
3.91584
2.42302
3.15621
2.79886
3.12493
2.41383
2.83708
2.29403
1.56411
5.28941
4.52636
4.51506
2.54151
3.17143
1.6878
4.29872
4.4356
2.35653
3.91172
2.75678
3.2069
3.31749
3.82086
4.14583
1.08466
4.10402
2.51258
2.1214
2.2498
1.37841
3.36663
3.15111
3.83171
3.65613
3.37381
1.02101
1.21172
5.13476
3.29255
3.17005
2.03287
2.725
2.53302
2.70231
3.20688
3.30964
3.49845
1.89255
2.38108
2.4515
3.483
1.70925
4.3786
2.56892
2.01708
4.02133
1.06728
2.38703
2.34116
2.43658
2.44802
2.45708
2.4582
3.76043
4.12313
3.54876
3.54274
3.07082
1.87102
2.50937
4.20357
3.51753
3.32363
3.51131
2.8342
3.60677
3.32635
2.93596
2.9951
3.22786
3.59496
2.61535
4.21332
1.99007
3.34761
4.10882
3.31694
3.46696
3.99561
4.27733
1.14166
3.88743
3.47253
3.46716
2.22534
3.43236
1.3882
4.97387
3.91106
3.66975
3.82875
4.07558
2.56367
3.62915
3.01666
3.18468
4.05374
2.1744
3.20409
2.40572
3.19981
4.71776
5.10072
2.95203
3.07278
2.4827
2.47632
2.56232
2.09883
1.52232
2.62602
3.08401
2.97998
3.98818
2.45799
2.3772
3.41156
3.02367
2.8069
1.74357
2.24942
4.28128
2.31578
2.08282
3.46122
1.33809
2.74609
3.10962
2.21356
4.25167
4.14119
5.22845
1.7527
4.26575
3.83072
2.53762
2.33617
1.99896
4.52499
3.74275
2.41426
2.53968
3.15868
2.95777
3.97529
3.02901
2.31178
1.84873
2.62432
4.04424
5.63233
4.49629
2.99381
3.42778
3.89943
2.1868
2.93156
2.6515
2.48463
2.65196
1.69639
4.6203
4.46792
2.58895
3.80953
2.36425
3.41438
1.50212
3.59276
1.78461
1.4566
2.97379
4.87229
2.18944
2.44671
4.20897
2.49199
2.58919
1.92016
3.85267
3.27622
4.73946
2.86689
1.48462
3.48826
2.4667
2.48064
2.77007
2.12397
2.36271
4.35238
3.29556
3.37388
3.74934
2.04038
3.86336
2.52355
3.86205
2.70337
1.45342
0.953449
3.7491
4.31387
4.16041
0.888529
1.52525
1.23098
4.01544
3.15506
2.46444
4.78632
2.90948
3.10808
4.1698
2.232
3.62002
2.8011
3.90655
2.23779
1.9364
3.06563
0.821284
2.7602
2.71623
1.9312
2.68719
2.6514
1.57677
3.05506
3.71331
3.92798
2.27711
3.06334
2.35417
4.8672
2.83692
2.81491
4.73391
2.44654
3.58693
2.25673
2.27726
0.347138
3.15796
3.31003
1.71459
3.32112
2.2404
2.86706
4.13844
4.2841
1.92917
5.04475
3.00955
2.23023
3.85037
3.0802
3.9367
3.52279
3.77152
2.73038
4.5492
1.73675
2.97895
2.8947
2.58227
3.60419
2.29571
4.00692
3.19559
2.93607
2.97901
2.85467
1.32886
4.29159
1.81664
3.77458
3.02374
1.94578
2.38297
2.34349
2.05363
2.73765
2.28717
4.77293
1.86774
2.76337
3.47805
2.40245
4.27128
4.66013
2.18637
2.13429
3.16855
2.52615
2.88855
2.75597
1.20651
2.9995
5.08257
4.48326
2.21421
3.65039
5.14922
4.6479
1.63355
1.04663
2.59872
2.53565
2.75495
3.6084
2.41518
3.3245
3.28727
5.3444
2.79415
4.02712
3.3379
1.62968
3.76931
2.6245
4.76387
3.33195
3.7928
2.83018
2.19617
3.12048
4.14364
2.33144
2.38346
3.06152
1.96427
3.47397
3.15409
4.56692
2.75962
1.36104
3.74101
3.65339
2.44803
2.53005
2.44665
2.88715
2.5997
2.06671
3.92858
3.0779
3.14379
1.98877
3.73399
1.8935
3.37359
4.29062
3.17913
2.17626
2.86903
4.86988
4.37864
0.680645
4.1258
4.31583
2.48272
2.79565
1.7845
2.30987
3.54921
3.89081
3.09684
3.09473
4.33235
1.65536
2.46739
3.05065
2.83003
2.3367
4.10994
2.97865
2.59482
5.61109
4.55465
2.94161
2.81759
3.82991
2.93479
2.88336
4.14209
2.25215
2.81987
3.20449
3.47533
1.49396
2.16005
1.85415
3.43163
2.37318
4.01256
0.985191
2.45501
4.83484
3.60528
2.8867
1.60801
2.46105
3.05515
0.256425
1.80559
2.67564
4.8735
2.58204
5.28802
2.58304
4.52158
4.16188
2.34922
3.6133
3.2723
3.96736
3.10067
2.68281
2.34023
3.0903
2.67643
3.63456
4.89323
4.1213
2.7801
2.66126
1.76914
2.54635
2.93166
2.63577
3.95951
3.82353
2.20221
2.02889
1.7163
1.79123
2.64806
2.68879
3.90992
1.25827
2.864
2.23629
2.2489
2.132
5.50077
3.21026
3.6371
0.977752
2.98368
2.57134
4.2978
2.98933
2.63177
2.67156
2.33228
3.49883
4.2367
4.14453
2.80281
3.98496
3.49487
2.86407
5.10046
2.88021
1.62789
3.14488
3.5057
0.885579
4.968
0.985233
3.58755
4.15744
2.80503
3.702
2.68447
2.78661
3.41196
3.11004
2.62427
2.60611
3.74342
3.49654
3.6401
4.08495
3.43223
0.527022
2.38213
2.52413
4.02314
4.06428
4.24823
1.57934
3.48453
2.83337
1.9883
3.52861
4.22922
2.84374
3.20744
2.70251
3.40962
3.57711
2.70913
2.83858
2.1929
3.54045
2.96356
4.13778
4.06723
2.15002
2.02093
2.0307
2.44504
2.52267
2.53849
3.29537
4.9435
0.914224
2.73751
1.80942
2.49821
3.09186
2.47804
4.91934
4.61335
1.51722
3.66683
3.49089
2.25277
3.36386
2.60521
3.03716
3.86446
1.91018
2.76017
2.68401
2.89486
3.20167
4.95106
4.34874
2.24459
2.85638
4.68529
3.21141
0.914029
3.84186
4.35623
2.94934
1.97807
2.85924
2.43023
2.56418
2.97407
0.713149
2.39745
2.94448
1.60727
2.69843
2.47383
2.52766
3.38333
1.87492
2.46228
3.19618
4.70216
5.16267
1.84972
2.77024
4.4167
2.58762
2.25814
2.6867
1.76802
2.25822
2.71781
4.55119
3.37533
1.6686
3.0817
2.77342
3.05912
4.79595
3.59207
4.99691
2.27828
1.96061
5.12053
2.62464
4.30364
2.21437
2.01185
2.59293
3.67197
2.87907
2.80651
2.16624
2.90157
2.05347
2.71181
2.60313
2.92236
2.53404
2.56758
3.36999
2.71455
3.55102
4.06941
3.72728
2.57197
3.46542
3.19459
2.87152
3.78218
1.37007
3.21304
3.50748
2.76791
5.04646
2.71276
3.12915
1.54586
2.03886
2.21066
3.95985
3.02369
2.56664
3.26992
4.06597
1.24038
3.66061
3.18667
2.43851
4.53549
2.40965
3.58236
3.16368
1.71275
3.24049
1.98173
4.65577
3.00588
4.70831
0.713604
1.7497
3.72889
3.29889
2.65107
1.85773
2.80067
0.734172
2.66907
2.20432
2.09372
3.51004
2.76044
3.07897
2.33092
3.61704
3.10737
3.14115
2.38588
3.47598
2.61487
2.908
2.33791
1.83284
3.77099
3.65543
3.434
2.88543
2.84208
3.06685
3.02056
3.13095
3.29922
2.48502
2.81752
3.40058
3.71877
3.58487
2.17528
3.62376
4.08883
3.75743
4.20547
5.72417
2.64062
4.10167
4.0492
1.91891
3.46021
2.96063
1.32647
3.45893
4.16246
2.5923
3.38446
3.0631
3.01715
3.55713
2.55724
2.39436
2.13826
1.95441
2.49482
2.45621
3.08856
3.027
1.93356
3.68099
2.99118
4.68581
2.59224
2.725
1.90451
4.10648
1.5277
4.31954
2.51004
1.76077
5.1601
2.86234
2.23265
3.8235
4.08829
4.21088
2.27407
3.1054
4.3347
3.46003
4.52798
3.1602
4.95481
2.65837
2.3403
4.82977
2.61296
2.94447
2.66403
2.63394
4.35111
1.02027
2.99154
2.55447
3.20164
2.85195
2.96502
0.708525
4.48094
3.34578
1.31745
2.96925
2.72977
2.63836
1.90302
4.23165
3.67985
2.83827
4.21805
2.87273
3.16503
4.76895
3.63978
2.39219
3.48794
3.61306
3.56797
1.93964
1.48464
3.09175
2.03279
3.9283
2.10911
4.69515
4.41092
2.83529
3.87759
3.96421
2.39204
1.70562
3.32109
1.29026
3.14544
0.980787
2.94562
4.03809
3.64025
2.78672
1.27443
3.60305
4.49444
2.41863
2.58617
3.39723
2.9745
2.89262
3.13875
1.8985
4.76501
5.42995
3.38628
1.46731
3.77238
4.69574
2.58758
2.03306
1.13807
2.92617
4.52015
3.29601
5.11939
2.03197
3.3616
3.94687
3.0703
1.59764
2.67145
3.34451
4.25609
3.12434
3.32461
2.2219
3.96536
2.04798
2.79488
0.900069
4.3022
2.80915
3.17893
2.81615
3.20594
2.09661
2.54849
2.45313
1.87025
2.65095
3.66602
2.4994
3.5805
0.729684
3.40315
1.80324
2.70167
3.31445
0.753627
4.58461
2.82714
2.94776
3.36631
2.88589
4.14588
3.45803
3.04997
3.22832
2.65918
1.90548
2.68514
4.25968
3.34362
3.63799
2.83116
1.21229
3.62514
3.00717
4.60819
2.38422
2.98373
2.90784
3.29429
1.8833
2.24747
2.9105
1.80394
3.14943
5.24724
2.86909
2.57235
2.08789
2.75347
3.2768
2.57245
2.40051
2.96357
2.17486
2.7595
2.16449
2.7247
4.5407
4.55704
3.47257
3.82974
1.66441
2.62285
4.36729
1.94661
4.01118
4.22883
1.99303
2.49473
3.0799
2.96545
2.37649
4.28078
3.27378
2.79319
0.467637
2.98041
4.55803
2.86698
1.38144
2.69101
1.87672
3.15362
2.27468
5.05821
1.97402
2.75338
2.51207
2.3197
4.65502
2.88943
1.68346
2.81097
3.51147
2.42035
2.51407
1.62739
3.19652
1.67134
5.57312
4.05168
3.31388
3.57324
3.50804
3.02078
2.97547
2.29656
2.68467
3.15115
4.67295
1.92764
2.36454
4.80776
1.10767
3.52282
3.73972
3.36473
3.31906
2.89601
2.9277
3.23997
2.92737
1.59126
3.0739
3.27479
3.60322
1.54224
2.86915
3.94233
4.27227
5.21355
4.57099
3.01217
3.52786
3.39351
3.15539
1.85891
2.22882
3.03221
2.22066
3.96859
3.06171
3.43907
2.99735
3.46916
4.18304
3.91388
1.46204
4.55822
2.35212
2.94883
2.66253
2.8513
1.42083
2.15932
0.97254
3.39481
1.6875
3.49764
3.20382
0.0757833
4.53939
2.27762
3.81678
3.24184
2.86576
2.40531
2.93698
2.59223
3.01988
1.02458
3.38051
3.28175
3.82608
4.45396
4.79843
3.89227
4.18999
3.74053
1.64354
4.44266
2.78309
3.97021
3.51455
0.489613
3.52336
3.15239
2.15788
3.8853
2.62921
1.58907
2.2506
2.32375
1.25272
4.28901
2.96879
2.67194
1.53191
4.01655
2.49986
3.08749
1.767
1.82095
3.22247
1.94268
4.41471
5.27906
4.23293
3.31414
3.05672
3.49665
2.47932
3.16615
2.29001
2.41149
2.63004
2.36767
2.7436
2.65344
4.50974
3.09235
3.32582
3.6502
3.77731
2.29853
3.5904
4.67958
2.84667
3.27446
3.04652
1.80089
4.68159
1.20412
2.99804
2.96627
4.13611
2.53905
1.33615
2.33674
2.89666
3.21007
2.43808
6.16488
2.00476
4.29632
2.6801
2.73961
2.67366
4.23493
3.50753
3.64064
2.02276
3.43586
3.49445
4.19124
2.01777
1.82051
3.30376
1.69252
5.22203
3.79316
3.80361
1.0287
0.714682
1.96284
2.18162
2.80094
1.3741
2.18704
2.87613
2.68781
4.03132
3.58131
3.3573
3.6375
1.32425
3.85033
3.92876
3.12984
4.18296
4.02719
2.34806
4.92015
2.22395
3.19719
1.69685
4.01248
2.09794
1.59543
1.06458
3.47859
3.00547
2.24017
1.63805
3.87473
3.81893
3.02866
2.90984
4.13382
-0.325455
1.94767
2.03728
3.1646
3.16843
3.70112
1.91041
2.45744
0.800743
3.21707
3.18369
2.96976
3.24277
2.71285
3.39195
3.20717
2.23481
4.48312
1.75961
3.40737
3.31891
5.6429
3.13976
2.92165
3.78931
2.95259
1.9616
4.416
4.72899
3.48515
4.57454
1.95454
0.89665
2.61017
1.92181
3.45135
3.60234
2.56115
0.843393
3.43272
3.82321
2.84321
3.49842
0.852611
4.22393
3.20016
2.32463
3.24981
2.5268
2.15913
3.5204
3.6097
3.39819
2.32659
3.19855
2.90121
2.02976
2.97966
4.17413
2.7468
3.22014
2.9727
3.62859
4.42599
3.77024
3.33361
2.24081
3.21096
3.26349
4.16448
1.76863
6.41338
3.62678
2.72855
3.09425
2.65325
2.08949
3.05134
2.67207
3.349
2.34507
4.4258
1.19009
1.84173
3.3063
2.90766
2.6702
2.90597
3.45892
2.02467
2.07586
3.87846
2.63654
3.18803
2.18836
2.40917
3.04039
3.86254
3.72429
3.37194
2.39627
2.17427
3.8761
3.73284
4.03831
2.00816
4.34728
2.50491
0.237997
2.60857
2.42345
2.55149
1.83948
2.20842
3.44171
1.98363
4.33795
1.99897
1.74602
3.5079
3.17231
3.48972
4.20502
0.881762
3.77551
3.03768
4.04412
3.06341
1.94038
3.19864
5.10959
2.63361
3.3813
2.70529
2.95921
1.93582
3.73329
2.49137
2.68544
2.69073
3.70335
4.33446
4.56981
3.4108
2.76182
3.29154
1.8604
4.53547
2.93891
2.75585
3.94026
2.7459
3.93083
3.37945
1.80768
3.81435
4.09615
3.18832
3.88519
3.97524
2.4975
3.49103
3.19991
3.11631
3.60106
2.70347
2.74724
0.914327
2.06378
2.55166
3.28199
1.83062
4.07802
2.29516
2.41647
1.5402
3.22183
3.92635
1.16923
1.82401
3.36601
3.1941
4.4402
3.65692
3.18256
2.4356
3.18352
2.35577
5.50469
3.21656
3.43729
2.22925
4.08256
4.62203
2.36677
2.05719
5.13334
4.13223
1.64795
4.29666
3.2019
4.6909
2.32146
1.96084
3.33638
2.92629
3.39402
2.10276
1.39824
2.61298
2.75953
3.46853
1.73066
2.57657
1.40462
1.85695
1.94077
2.3562
2.36976
4.37962
3.45868
3.31651
3.01607
2.99997
2.58094
2.9966
2.54214
2.8579
2.94241
3.38276
3.52462
3.38094
1.00342
4.07635
3.42949
2.74969
2.68506
2.52966
3.74895
2.28765
3.83913
3.85005
3.54467
2.62589
2.05118
2.26666
2.35073
2.39543
3.39715
2.20023
2.22701
2.99207
2.71249
1.98698
3.9807
1.87851
3.42727
2.43888
4.35968
3.03601
3.80117
2.20868
3.89927
1.88635
2.66007
3.48604
2.0378
4.37387
3.59658
3.0546
3.65176
2.78236
2.25964
1.42795
2.37113
4.3659
0.415903
2.71429
1.47301
3.64412
5.41903
2.73581
4.31022
2.79045
2.97621
1.80897
3.16489
1.97528
4.313
4.05044
2.15599
5.2587
2.57251
3.87959
2.29603
2.26126
4.27302
3.4844
2.74387
3.70291
2.11511
2.40008
1.91403
3.48268
4.02255
2.8398
0.999005
2.94719
2.36492
3.62649
3.50157
3.47913
2.40431
0.941558
1.84877
3.21788
2.94279
3.21999
2.04655
3.08444
1.22141
3.221
3.99274
2.24485
2.74555
1.50816
1.22234
3.03233
4.97436
3.8604
2.00843
2.67748
4.80718
2.31834
1.50161
2.91845
3.68463
2.79036
2.65465
3.247
2.89655
2.03502
4.64029
2.15371
3.11089
3.43802
3.88058
1.23377
2.17821
1.32312
3.1605
4.44167
0.96091
3.23614
2.48155
1.30561
3.64753
-0.176106
2.97787
2.32248
3.53563
2.87106
1.80662
1.70267
1.1173
3.47726
3.47208
1.60346
3.21059
2.59075
2.25293
4.09191
1.10464
2.45342
2.96476
4.40626
3.98155
4.59199
3.5931
3.73108
3.25625
1.68567
3.84254
4.34998
2.64042
3.58614
3.01994
3.36112
1.25347
2.95322
4.03162
3.42144
3.18134
3.13184
2.87969
1.05972
1.38208
1.80921
3.91947
3.67399
3.00787
2.38009
3.86842
2.7967
3.11487
2.72602
1.51008
3.57507
2.45697
2.87421
4.84771
1.27966
1.57178
4.00227
2.32974
3.13293
2.83575
3.30078
3.44197
5.91504
2.20685
4.01161
2.11064
3.94375
2.39877
2.33872
2.68082
2.9394
2.90637
3.4537
3.18021
3.41878
3.10715
2.89804
0.789488
3.37348
2.24109
3.2141
2.44396
2.77992
2.67601
3.73619
4.28899
4.14072
2.60459
3.69207
2.98461
3.47926
2.78389
1.33276
3.80785
3.54734
0.551061
3.79682
3.73554
3.60125
3.92978
3.15867
2.30513
2.74342
3.78268
1.54565
5.18155
2.24483
3.90605
3.5204
2.07538
4.52109
4.73554
1.46665
4.704
4.81365
2.65606
2.95574
2.83704
2.70683
1.67009
5.17005
2.91565
2.05917
3.9273
3.14974
4.46618
2.37417
3.72323
1.13417
4.03878
2.21279
2.67319
1.27787
3.96649
2.6
3.33828
2.33627
1.82292
1.81308
2.55473
2.45446
3.0583
3.25563
3.96585
3.05381
3.11801
2.03879
1.10029
2.47519
2.26257
2.50041
3.17131
4.18866
4.14699
2.97462
3.52767
2.12346
3.55389
0.894702
3.18168
3.87813
2.82849
2.63774
3.71547
2.85762
3.88525
2.53679
3.17196
2.42824
2.65218
3.30914
3.18966
4.50481
4.46561
3.22782
4.54457
2.14898
3.94015
3.98475
3.0641
1.97979
3.07417
2.55386
2.1915
3.65641
2.71211
4.01019
2.75419
3.43075
1.32906
3.15815
4.6581
2.35938
3.88894
3.93858
4.73559
2.97735
0.523549
1.91995
3.37321
5.56706
1.51643
1.97487
1.72996
2.90834
2.57366
3.57285
3.74038
1.91612
3.13159
5.4192
2.31781
1.74963
3.24106
2.03988
2.49485
5.00902
2.18299
2.5091
2.41237
2.43008
4.17297
3.63966
3.39449
3.39151
4.13185
3.26294
2.08942
1.89288
2.40721
0.716191
3.74022
4.71928
1.39131
2.83501
3.04324
1.23906
0.94995
4.62914
2.09819
4.74476
2.54088
2.72147
3.7917
1.70143
3.88895
2.81912
2.98181
3.24578
3.6931
4.02699
2.35213
2.72661
3.75824
3.71295
2.075
4.05973
2.31163
2.49219
3.0884
3.31411
5.32173
3.52406
2.98671
3.13232
3.65332
3.29158
2.60889
2.74098
3.59518
1.28534
2.56714
3.70042
2.30057
5.2407
3.17592
2.99386
3.73373
2.35165
3.10425
5.64355
1.67558
2.6878
2.49522
3.30781
3.46356
2.34957
4.11461
3.57406
2.88462
2.48415
3.5715
4.22486
1.30224
3.21989
4.52123
3.06807
4.12264
4.21411
2.17794
3.87622
3.40777
4.39451
5.17419
2.2589
2.21057
2.54629
4.02825
3.04494
2.92558
5.74657
2.48428
0.929645
2.84727
3.79278
1.80393
3.24972
1.13205
2.59507
3.73805
3.45559
3.11565
3.89341
4.16158
4.79363
3.48335
1.97759
5.60801
3.72831
2.66087
1.58128
1.94802
3.63204
1.51129
3.19166
2.84998
2.54328
3.95135
4.14068
3.73484
3.07174
2.83656
2.49333
2.85189
2.1522
2.99555
3.25593
3.34173
3.56554
2.95902
3.52808
2.75621
3.55884
2.88893
2.87621
4.34862
3.26889
4.55893
2.92704
2.33373
4.21762
2.3603
3.65743
1.13165
2.1815
3.77661
2.20519
3.73247
3.70551
3.16561
2.68482
3.75489
3.19119
2.28224
3.94716
2.13598
4.04625
3.07722
4.19965
3.79778
3.00111
1.94355
3.95008
3.77843
2.74097
3.80231
4.14072
3.25891
2.66332
2.20077
3.60528
1.61074
2.89141
3.99459
4.23569
3.57666
1.86214
2.65308
3.02487
3.71832
3.72591
2.92319
4.42594
5.10691
3.29349
3.13884
4.35272
3.48917
3.72087
2.87385
2.73883
0.493221
3.56946
3.51572
2.84746
1.71542
2.97139
1.84308
3.19958
3.11197
3.02033
4.63438
4.98107
2.47156
3.88166
2.08308
1.8444
3.89963
3.62021
3.16938
4.91942
1.77476
5.93747
2.75153
1.37814
5.232
2.25059
4.09307
3.34247
2.82331
3.0723
2.1159
3.67926
3.7689
5.35044
3.68169
2.28923
1.76178
2.52445
3.16827
2.27533
3.01254
4.21723
3.23968
1.88038
3.82665
3.44948
2.41707
3.26817
1.97173
2.50198
1.63293
2.14277
3.20544
4.06284
3.94515
4.9883
2.53638
2.71677
3.6778
4.15688
2.68433
2.89292
2.29499
2.40232
4.04064
4.29362
2.47789
3.46869
2.29262
2.53448
3.65434
2.72917
3.59275
1.70308
3.61346
3.98024
2.52731
2.28123
3.93976
4.14921
1.49956
3.42234
4.22611
2.49857
3.77744
3.18399
3.40356
3.99562
3.90859
4.10217
2.28892
3.16061
2.11435
2.86139
3.89049
1.7517
3.7022
2.90163
2.47179
1.98078
3.13163
4.69663
2.85956
4.28628
2.55931
3.55532
1.05616
4.22333
3.90454
1.05026
3.17936
3.79223
4.88288
4.2548
2.81216
1.59531
2.1069
5.13768
2.19758
4.07765
4.04699
4.77158
3.24323
3.28612
4.06482
5.22863
3.53487
3.12634
2.70421
3.71028
4.09147
3.14644
3.60078
4.54759
4.13221
5.14183
4.29505
0.31555
2.11373
2.79898
3.67217
5.32059
2.9567
1.55553
2.39994
3.92468
3.9933
2.20361
2.54626
3.75311
5.83465
4.15284
5.0647
2.26069
3.58447
3.84721
2.14063
2.38202
2.89563
4.56056
3.36336
1.34589
3.03513
4.75119
2.49975
3.62759
3.89654
2.11362
3.88492
3.1767
2.0349
3.36914
2.78545
3.45089
2.19674
1.68903
3.12585
2.32303
4.53695
2.96028
2.85593
3.14141
0.839429
1.66014
2.5203
2.46474
2.77329
5.08469
2.51159
2.28185
1.86478
2.21058
2.02567
2.91974
3.87278
3.71605
3.24699
2.71244
3.17157
1.85695
2.2291
0.906504
4.91107
2.13117
3.68907
2.0851
2.14722
3.73277
4.21773
2.71883
4.25823
3.30067
3.12542
3.06758
2.10076
3.3086
3.97441
2.17294
2.04198
1.43793
3.47214
1.44944
2.29209
2.659
1.67274
2.56149
3.5601
3.27589
3.50758
3.78702
4.12856
1.0652
3.38578
4.92836
2.71566
3.72515
2.95199
3.13196
2.97353
1.71868
1.60708
2.50037
4.63345
2.02863
4.36978
1.31107
2.31338
4.07503
3.02226
5.21311
2.5365
1.01687
2.05341
3.50622
4.18209
2.21542
3.4225
0.434096
5.25957
3.56931
1.22082
1.33578
3.27888
3.5234
1.96862
2.7351
1.93969
6.0747
3.1241
1.33641
2.93981
2.75037
3.67742
3.3864
3.16847
3.71229
2.66088
2.09083
1.2802
2.15259
3.59965
3.15203
2.45907
3.5
2.77614
1.25099
2.4614
3.349
1.98462
2.79889
2.47044
1.44608
3.17881
2.14206
2.25173
2.38178
2.48433
2.1917
3.83025
2.11098
2.82599
3.92619
3.43826
3.85379
2.53632
1.31183
3.99874
2.38492
2.57594
3.30751
1.01534
2.28105
3.75983
3.53364
3.04531
2.49675
2.66265
1.90078
0.61174
3.77268
1.41144
2.55656
3.65477
4.38962
3.50471
3.77867
2.8064
1.75564
5.28557
2.83189
1.86662
3.22185
1.65115
2.31861
0.888717
2.09711
3.75001
3.45783
5.15437
4.3068
5.00621
1.82193
2.94286
2.94962
3.03696
2.55598
1.97852
1.82001
2.99158
0.558545
4.56289
2.32677
3.33191
3.62402
3.58499
1.88884
3.77541
3.06227
1.51612
2.33155
3.92149
3.53511
3.79988
2.91471
3.68735
3.96547
2.94218
2.94606
3.09742
2.12644
4.02596
1.52543
1.23662
2.51282
2.09461
3.80858
2.85519
1.24666
4.1136
2.02098
0.0118668
2.40223
2.10244
2.197
2.35859
1.47324
2.33604
2.53474
2.75441
3.06214
1.9882
2.95884
3.17447
3.54815
3.54058
2.75361
2.04815
4.01404
2.44558
1.98476
2.70268
1.44183
1.56646
2.26086
3.58663
1.7698
2.83608
4.22224
1.95556
5.57371
2.23564
3.24592
2.12392
3.77227
1.96048
2.86006
2.95739
2.51648
2.96693
2.18288
5.06915
2.18031
3.80413
2.52078
5.39755
3.27238
2.16568
2.44315
1.46464
2.31689
3.91584
3.99948
2.96671
3.21268
2.21641
2.92021
1.80202
3.72198
1.25932
2.17796
1.07523
3.38267
3.82092
3.36386
2.65482
1.69576
2.90816
4.28223
1.73263
2.09575
2.12381
3.06895
3.25677
2.96165
2.78166
2.83477
3.50525
2.62002
3.31135
3.09959
3.01267
2.83003
3.64434
2.14597
3.09996
2.15817
4.68053
1.60755
3.76035
2.95228
2.61203
3.64772
3.90735
2.39658
3.60893
3.94566
4.80569
2.23455
3.3976
2.72248
4.83704
2.59231
4.15598
4.18329
3.20911
4.68598
3.63941
2.98086
2.26781
2.63923
3.08248
2.66423
4.36783
3.99082
4.14148
2.12485
3.94936
3.36292
2.51423
1.68645
3.08825
3.04225
3.22704
3.06391
1.74254
1.73403
3.15158
5.68194
4.52193
3.24625
5.10295
4.18545
1.92745
2.15362
3.81383
2.32141
3.16181
2.01852
3.27384
4.65535
3.91882
2.89081
4.04599
3.23521
1.13141
2.7138
2.53158
2.1115
3.62332
4.79792
0.676191
4.40512
3.3579
2.66724
1.78356
3.25344
2.11811
3.96656
5.0978
2.98878
4.3613
3.5587
3.42821
2.55152
2.39763
1.69771
3.84425
2.78955
4.00348
3.2988
3.42815
2.90866
3.02505
2.54651
3.33688
3.05732
0.297969
3.45978
5.38258
4.29125
4.66034
2.82305
1.72308
3.03875
3.52971
3.12101
1.04425
3.95715
4.46819
2.73481
2.49108
3.46021
1.73502
4.56652
3.00067
4.05138
3.08477
3.58034
3.14992
3.7577
2.31216
3.21301
4.65956
3.4619
2.70924
4.52774
2.44358
2.38001
1.48168
3.74048
4.43751
2.88727
3.4153
2.33357
2.96208
2.16752
4.85798
1.40121
2.46337
4.04947
4.33085
3.32513
1.68994
4.51256
3.91023
3.81214
4.10863
1.61881
2.50703
3.72258
3.08448
4.65276
3.26735
4.65412
3.86212
3.23376
2.30177
1.6465
2.32245
1.63398
2.47281
2.52888
1.40551
2.6449
3.55245
3.14659
4.72093
2.69053
4.65519
3.01239
3.1209
3.74857
3.98395
1.83462
3.45196
1.83129
3.43685
4.02418
4.50197
1.28453
3.02697
4.58964
1.94219
3.8293
3.62513
3.70578
5.03749
4.71382
3.99902
4.47162
1.76488
2.06447
4.25164
3.58981
2.96341
2.04279
2.67995
4.17668
2.78304
3.422
2.93011
3.48814
3.06191
0.787331
4.49163
3.21357
1.3835
-0.335582
2.37232
3.49098
3.99427
2.57272
3.75772
1.85703
0.363287
3.0996
3.68722
3.35443
2.60757
1.5082
0.738747
2.81198
1.6095
3.79214
3.83903
2.57885
1.88242
3.23231
4.19478
3.41668
1.37218
4.52283
3.52906
0.91732
1.861
1.99585
3.72862
4.19101
2.28015
3.04116
3.94424
3.14397
3.24327
2.4452
1.33721
4.31379
-0.40721
3.08045
2.81303
2.89076
2.85041
0.501123
0.756671
4.85138
3.24407
2.22182
3.28111
3.85089
2.80766
2.4246
2.8337
2.85525
3.94822
1.82356
4.75633
2.44389
2.71859
3.9407
2.21768
3.40623
3.63398
2.2774
3.59443
2.51686
3.56635
2.86105
2.66652
4.01733
1.44485
3.58118
2.96344
2.86688
3.74926
3.29509
2.99731
3.51853
2.04866
3.88556
3.47347
4.71564
3.0146
4.35914
2.73425
4.22969
3.24414
2.45595
3.43491
2.13134
2.84136
4.4019
3.84003
2.89342
3.14101
1.60557
3.09086
1.26158
1.8937
3.17751
3.14126
2.72246
1.71791
2.08745
2.96091
1.9587
3.10601
4.70886
2.6136
4.20877
3.08802
3.92331
2.11697
2.47915
1.97636
4.54442
2.51491
2.16001
2.21922
4.28422
3.10604
3.11732
2.56307
2.84244
4.55814
2.34058
4.62513
2.43008
2.57193
1.19629
1.89218
1.05034
0.928409
5.33672
4.21276
3.62828
4.37368
2.90903
3.05021
1.89493
3.40764
3.94236
1.71569
1.9393
2.52356
3.72886
3.60898
3.5157
1.39889
4.12736
2.2744
3.03036
2.00374
4.62166
2.36944
3.37335
4.35512
2.31552
2.71017
2.08203
1.95509
1.95011
3.14579
1.72061
1.94224
1.90296
2.25462
3.786
3.62834
3.89465
3.23108
1.86303
4.59103
3.17048
3.86396
2.9831
2.16735
1.83916
2.46081
4.50583
1.29396
4.48345
3.02045
3.38644
4.06329
0.121051
2.19693
2.28558
4.01876
2.28065
2.33727
2.63219
2.35796
2.24144
4.31094
3.92897
4.47886
3.54985
4.13002
2.6454
1.46443
1.95683
3.67814
2.68649
1.95466
2.30704
4.28107
3.03502
2.1243
1.49472
0.711063
2.31226
3.02433
5.00424
2.5099
3.39807
0.772582
3.6286
2.82589
2.23777
2.3336
3.39291
1.93849
4.3548
3.58463
5.26238
1.68134
3.67046
1.92304
4.40541
4.88083
2.22721
2.92188
3.42832
4.06367
3.37434
3.42308
1.67828
5.58034
1.84472
4.22102
3.59918
4.34293
4.5981
2.13736
3.54734
1.60611
4.89374
3.80441
3.29667
3.38396
1.56518
2.86189
3.53694
3.22046
3.51433
3.9585
3.22469
2.40245
2.96003
2.44004
1.82041
3.67342
2.53724
2.30592
3.12137
4.12197
4.03576
3.29639
1.37338
3.76266
0.563333
3.48454
2.31583
2.95969
2.64793
4.55297
2.71652
2.35516
2.14535
3.81767
3.85676
3.6502
2.2882
2.09131
1.9933
2.36182
4.19082
5.20477
2.96606
4.01052
3.46901
4.55552
1.41727
1.51701
3.84298
1.85427
4.41152
2.87424
3.3887
2.36287
1.8505
3.37593
3.42624
3.67725
3.07402
4.27418
2.83194
3.44303
0.886226
3.86374
2.17041
1.69947
4.5273
2.23563
3.56879
2.68327
2.98287
3.44081
3.30569
1.34164
2.75958
3.00389
1.60379
0.941328
2.11515
2.99418
2.5702
4.0498
1.79421
4.66625
4.97261
3.98256
2.5064
4.23129
0.314608
3.51533
2.13583
4.71375
2.29246
2.50591
2.86203
3.29119
2.99031
2.04191
3.53377
3.99036
4.06344
2.65758
4.21283
3.76115
2.62745
3.04291
4.30147
1.96626
3.2245
2.99191
1.8868
2.95423
3.40852
4.85336
3.52826
2.80359
3.66446
3.82266
3.86393
2.82266
3.20738
2.4765
2.32128
2.17723
1.10066
2.43441
4.33635
2.62453
2.48853
1.94945
1.88015
3.41931
3.63354
2.4247
4.38751
1.80295
1.48199
3.03008
5.0052
2.66682
3.75184
2.0518
1.43069
3.90796
4.23788
3.62035
1.94974
4.29201
2.30305
4.2069
3.00554
5.34308
3.15666
2.516
3.05755
4.08321
5.02987
3.40735
1.58313
3.15915
1.90994
3.70105
2.82542
6.75055
2.54142
3.24441
2.03092
2.33647
3.0687
2.84893
2.95272
3.68999
1.82288
2.68996
4.34523
2.51096
1.32036
3.56093
3.14252
3.0217
2.43094
4.31635
2.47577
4.05198
5.28454
3.02191
1.136
1.60152
3.12138
3.13959
1.37543
2.06908
2.73004
2.88371
1.73529
2.28275
1.31774
2.70521
3.34049
2.32108
4.69587
2.03706
2.12058
3.28454
4.26661
3.75978
2.84549
3.70558
5.03214
4.26287
0.615806
3.45648
3.9537
3.29347
3.75782
1.9213
4.88723
4.27735
3.80952
2.57218
2.58332
3.23808
4.44846
1.94062
3.69969
2.06022
1.87137
3.43063
1.08897
3.72979
4.16641
2.81775
2.82449
2.09681
2.64226
2.82081
1.92636
4.83845
2.0689
2.36133
0.776512
4.08913
3.08066
2.18137
4.06129
1.87643
2.40663
2.94168
1.67704
2.50107
3.4206
4.18732
2.40388
1.74316
3.15541
3.90026
4.33133
2.12243
2.90241
3.36085
2.70774
3.25065
2.66985
4.17101
3.38555
3.21721
3.83081
2.96574
4.60155
2.6598
3.06493
3.995
2.06103
2.93272
4.12685
4.42959
3.79116
2.71752
4.29445
2.85524
2.22685
1.67073
1.04685
2.44475
3.81298
2.58162
2.19899
2.46703
3.04083
2.79287
3.73148
1.26364
4.32807
3.88921
5.2617
2.34506
3.07788
2.07471
2.71965
3.5514
2.24946
1.80991
2.69893
2.55683
3.87516
4.18501
2.80621
2.29488
2.51681
2.05583
1.00477
2.43357
1.39226
2.08216
2.11316
1.80878
1.69342
4.65799
4.03822
3.26851
2.96264
1.81121
4.19826
1.10367
3.15713
4.01901
1.80124
4.20294
3.32334
1.26545
2.70256
5.08458
3.04183
3.47361
3.23967
4.42714
2.37141
2.72
2.8362
3.07975
4.60823
2.79451
2.88785
3.95507
2.8156
4.00245
4.39387
2.56316
2.10316
3.36963
4.94704
1.15383
2.55541
3.48991
2.86476
2.45527
3.14993
1.4966
1.54754
4.2875
3.94754
3.90534
1.26716
3.91705
4.17174
3.10434
3.5284
4.76824
4.3067
3.17819
3.09116
2.13598
3.31969
1.72706
2.8149
1.93072
3.23436
2.33205
2.14036
2.38393
2.07502
3.52219
4.91374
1.6407
2.38909
3.02504
2.00215
0.988547
1.81124
3.72775
1.18475
3.68205
2.83843
2.69498
2.08276
2.18188
1.22093
3.58945
2.48444
2.12447
2.25524
3.38426
2.78775
2.86418
4.13715
3.10332
3.75452
4.42986
2.9528
2.75198
3.99233
1.91246
3.18891
3.95798
3.56185
2.56256
2.96316
2.28723
3.67658
3.15277
3.46764
2.89903
2.06995
4.15703
3.05275
3.2479
4.57476
2.38547
3.60082
2.54109
2.09789
1.71903
4.22178
2.74041
3.16422
3.63093
2.34819
3.51144
3.22909
4.20995
2.71717
3.72228
3.66352
1.82222
2.10098
2.93319
4.02392
4.1351
3.80874
1.90965
2.07077
2.6822
2.70254
2.43267
2.6914
1.824
2.14427
3.64425
2.82175
2.9839
1.95259
2.74169
2.71729
1.80651
4.40691
0.999569
3.7797
4.43935
2.14503
1.48445
2.37625
3.3297
1.91025
3.01233
3.91335
3.15431
1.60061
1.33846
3.33994
3.49738
2.38912
1.33372
3.56935
3.81076
3.01785
1.8821
1.76951
3.93005
3.71587
3.22306
4.16481
4.16499
3.33211
3.35883
4.61444
3.50403
3.51485
2.95426
4.05434
3.21462
3.69039
2.98005
4.8811
2.23884
3.74122
3.06482
1.50548
3.34273
2.23402
3.03346
1.30777
3.6443
3.37373
2.26998
1.12267
3.36786
2.5973
2.54969
2.46857
2.61454
1.54378
5.00872
2.47493
2.92191
3.46634
2.42508
3.12188
3.37159
3.06516
1.64781
2.88735
4.02041
3.33035
2.70435
2.60522
2.61448
2.51806
1.34984
2.45584
2.31436
3.10357
5.54663
4.20948
3.83676
3.5524
3.98168
3.54595
3.47818
2.48054
3.41923
2.91955
3.88372
2.51293
1.10667
1.36066
2.47978
3.63093
2.63289
5.02421
3.52421
4.0159
3.71995
1.71403
1.90342
1.24536
1.9119
2.37518
3.36368
0.763215
3.31566
3.05387
2.74601
3.2093
1.80479
3.30975
1.64714
4.58177
2.84212
3.39871
2.59376
4.36529
2.83874
2.26685
3.25887
2.7833
2.73525
3.34771
3.18366
4.53084
4.45377
3.7171
3.95239
1.52422
2.36439
3.60007
3.03226
2.89137
3.07399
0.835995
2.56764
1.43034
3.07945
3.22126
3.59735
3.54755
3.81102
2.75214
4.51584
2.5019
3.72283
4.13901
1.97803
3.2335
3.08235
3.31361
3.37088
4.45282
1.29197
2.45312
1.93017
2.26163
2.71536
3.69663
2.06898
3.25313
3.3664
2.69021
3.73207
2.92067
3.97556
2.39745
3.0349
3.75355
3.92325
5.06356
2.42783
2.23524
1.62102
3.36791
3.58333
2.60984
3.2344
2.78874
2.87187
2.75988
3.85867
3.99461
3.51652
3.38031
4.58056
3.65635
3.55524
2.02877
1.57769
3.5957
3.09769
2.53432
3.45026
3.63758
3.2774
2.84406
1.82822
2.56617
4.39742
1.28335
2.82736
1.58745
3.45902
2.43602
4.12686
2.78316
3.2179
3.54745
3.1391
2.39734
3.85414
3.63012
1.1982
3.39454
3.24426
4.2704
4.644
3.78451
2.09069
2.95841
2.18675
5.70073
4.02117
1.77032
1.56743
3.24564
3.55793
3.52488
2.76079
3.28716
3.62596
2.68452
2.99432
0.915918
2.56069
2.33268
2.07773
1.7657
3.88806
2.75748
4.52196
2.77638
2.1295
4.29213
1.38731
4.05946
2.82791
2.29759
3.67489
3.49849
2.50161
2.31012
2.13112
4.21513
2.77247
4.06374
3.93461
3.62269
2.95813
4.47998
4.07079
3.25854
2.77506
3.40754
3.23256
3.17393
3.29723
3.65024
2.43635
2.23184
4.7732
2.26298
4.45829
3.34941
1.78965
4.0449
3.29478
3.3443
2.22086
2.70288
3.33137
4.34786
4.57022
2.65965
3.01006
2.30895
1.81133
1.06705
4.53567
4.95692
2.5385
2.85122
3.23437
3.01425
2.17831
2.77501
3.8926
3.32794
4.09017
4.7626
2.02215
3.14828
3.55473
4.44835
4.26837
3.87141
4.82516
2.77424
3.72918
4.23123
2.96333
3.3512
2.7898
3.37878
2.40447
3.16471
3.69857
2.93569
1.8724
2.71101
3.10967
3.75069
2.51061
2.98491
2.22935
0.840783
3.32157
3.26633
2.52098
2.58345
2.84913
3.09925
3.0701
3.20286
3.32703
3.55295
1.81779
2.75592
4.3221
2.26641
2.07576
3.82914
4.72869
2.50503
3.89893
3.41304
1.43692
1.39479
1.86827
2.31485
0.778199
1.33102
3.33262
2.32171
3.25676
2.22559
3.76857
3.39913
3.00281
4.74847
1.89468
2.365
2.79163
0.913525
3.41951
1.71028
3.29316
2.65033
1.82588
4.11286
4.52549
4.1122
1.18967
2.3683
3.86996
2.11385
2.84005
1.52385
3.31541
1.61142
3.32634
1.3348
2.60284
4.87153
3.38223
4.34502
2.52202
2.47307
3.68941
2.95369
2.99775
2.63193
2.42915
4.79815
2.51721
2.45033
2.6793
3.81058
2.92216
0.972916
3.3181
3.47
3.99566
1.3213
2.50606
1.76875
3.60145
4.11165
3.05392
2.92656
3.75784
4.49241
3.24444
3.00597
2.94767
2.42602
4.31096
2.70662
1.66918
2.58991
2.59698
2.4724
2.60314
3.32974
2.36264
3.75661
3.65506
1.9714
3.4317
3.26173
1.63094
2.02628
3.31362
3.27272
3.82438
3.02626
3.27906
3.51817
1.6032
3.00497
3.3501
2.27872
4.19407
1.59982
3.76015
2.83196
4.92248
3.05018
2.55395
2.79059
4.9645
3.69877
3.48627
4.27454
3.29063
4.16765
1.67631
2.94399
4.73628
3.92871
2.10306
3.35278
3.03252
2.50739
3.36688
1.98191
3.51662
4.12115
1.54311
2.14704
3.64535
3.19438
5.22388
2.64277
3.59264
4.4845
1.28592
4.35307
2.83367
4.05405
2.50154
3.72966
1.52249
0.870155
1.99701
2.88043
2.40373
2.19466
1.54304
1.67772
2.89408
2.32136
2.20738
3.06115
2.21689
2.95547
1.48958
3.41097
2.02668
0.916339
3.15754
3.41777
5.18964
3.06276
4.10716
2.443
2.10864
1.9603
3.7591
3.14639
3.18899
0.853331
3.28978
3.22079
3.80426
4.30321
2.45765
4.25147
3.38593
3.32564
2.1183
2.53534
4.02734
1.42845
3.02995
3.41681
1.58862
3.66467
1.68801
1.40528
2.74321
2.06293
1.79046
0.830867
5.00998
3.38114
3.25435
2.89492
4.1907
2.5778
3.24474
2.97633
2.59203
2.74367
4.64382
2.15352
3.31011
3.71304
3.99014
2.38747
2.6283
4.4821
2.8743
2.92269
2.99364
1.53942
0.962939
3.3418
2.31403
4.45803
1.87272
2.93829
3.59792
1.71935
2.57138
3.72838
2.16367
3.75024
2.03561
1.89525
3.28401
4.72861
5.34605
1.04472
3.36187
3.88773
2.97425
3.02278
3.4115
2.6933
2.55708
2.53058
3.01932
3.48531
0.866402
1.77588
3.70386
2.84773
4.79839
3.92394
2.76384
2.51657
3.24406
1.83301
3.64103
1.63792
4.17224
2.5233
5.80442
4.38601
4.95209
1.89614
2.21467
4.26649
2.31821
1.97548
3.79131
1.50554
4.10567
3.18826
1.83833
4.33669
1.65188
2.81521
3.30896
3.20431
2.95284
3.69801
2.63702
3.25928
4.49557
1.71734
1.99367
1.341
1.25833
3.19434
2.91466
3.41149
2.68426
4.26385
3.46044
3.06502
2.7793
3.82213
4.10601
3.92408
3.15314
2.43902
2.36006
0.73279
2.2306
1.95817
1.13072
4.20814
2.02956
2.63085
1.58249
1.28421
3.60921
0.760944
2.95639
1.70757
2.10501
1.28517
0.250064
3.80979
3.09315
3.05746
3.01311
2.13828
2.2042
3.4107
4.91624
3.17798
3.11384
1.85298
2.12513
3.07754
2.29013
3.51386
4.15983
3.04402
2.61024
3.64794
4.04388
2.90279
1.01866
2.0186
2.47271
2.29111
3.77704
2.32249
2.48065
3.21249
2.28505
2.81839
3.59491
2.91285
2.2303
5.00208
3.34527
3.08442
3.23914
1.90441
4.0918
2.56261
2.8944
2.94325
4.64127
2.40379
3.62851
3.92585
4.83608
3.95754
0.560533
2.58513
2.43036
2.20154
1.87871
3.02507
3.1442
2.85974
1.36921
3.03542
3.3728
2.65919
3.20528
3.02409
2.2576
3.32851
2.74746
2.88431
4.67512
2.69113
2.27484
2.42537
1.0543
2.63692
3.39876
2.80423
4.79759
3.71965
3.42305
4.12885
4.47165
3.06338
3.70563
4.00363
2.96297
2.56407
2.74546
0.78909
3.99901
2.27919
3.6182
4.61803
1.67025
2.94727
2.11806
3.77379
1.31896
2.40654
4.13005
3.54579
3.18
3.38593
3.35464
2.36721
3.28482
2.61287
1.9936
2.19924
4.34113
3.06418
2.78756
4.69292
3.17012
3.29437
3.2391
4.28624
2.06596
2.32924
2.85053
3.06561
2.88476
2.01889
2.36856
2.12837
4.20695
3.41902
2.94366
2.81838
2.04325
2.21851
2.01725
3.5575
2.0599
4.01086
2.85344
2.64604
2.23474
2.76941
4.29758
4.08132
3.55217
1.78636
1.98207
3.04505
2.8053
3.57188
2.84439
2.9143
3.76198
1.29847
2.50436
2.74598
4.91646
3.21477
3.75957
3.28278
2.34224
2.44402
4.11683
1.66243
1.00416
3.20309
2.71724
2.1085
3.13244
2.62237
2.52919
2.95185
1.94061
3.00604
3.95552
3.42182
2.61432
2.52001
2.94208
2.38672
3.33344
3.78728
4.28478
3.35252
3.72374
3.22891
3.11623
1.6946
4.7508
4.37933
2.45734
1.43309
2.85387
4.17035
2.43722
2.53289
3.54081
2.33423
1.95002
2.79181
2.4929
3.0189
2.45375
4.08597
1.89486
3.90045
2.06042
1.46327
4.26757
0.755398
3.84015
3.56517
4.35591
3.99707
3.57138
3.47688
3.15323
1.95284
1.9561
2.19177
2.47845
4.45816
0.900652
3.72089
1.70893
1.49264
3.42673
4.7543
4.36218
1.64706
3.52067
2.59184
2.51525
3.05247
2.8542
2.35974
1.89185
3.6612
1.00238
2.66627
1.76163
1.97261
2.37657
2.45672
2.03343
2.4254
2.87458
1.86027
1.14767
2.66144
1.87567
3.33229
1.27088
2.7622
2.41672
3.23715
1.61984
3.25599
1.69923
2.51202
3.63726
3.52719
3.61204
3.62888
1.88853
3.72359
3.301
3.40423
1.73704
3.26473
2.10692
1.81419
2.00065
4.05499
3.32295
2.21373
3.33302
2.2919
2.91639
4.21068
4.37378
2.41847
3.10005
3.65037
2.27148
3.80078
4.50705
3.17711
2.9501
2.13164
3.02289
3.17744
4.17132
2.48563
1.15408
3.16376
2.11555
2.38022
4.73195
1.22375
5.26726
2.38828
3.01357
3.64156
2.13909
2.79945
2.95848
2.69486
1.97029
2.79297
4.79069
2.88682
1.41272
1.91659
1.94955
3.12955
1.37568
2.19889
2.93076
2.43848
2.09728
3.46817
4.05561
0.783641
2.99894
1.61013
3.262
4.1862
3.38342
2.5217
3.28748
1.09336
3.63687
2.25087
1.87334
3.25749
2.72686
3.82382
3.39272
4.92365
2.32052
2.50022
3.30994
2.08383
1.97273
1.59695
3.54145
2.76914
2.33398
4.42122
2.22856
2.32846
4.64175
3.15647
2.80755
2.08833
2.37384
1.70838
3.03777
-0.787732
3.74664
4.02588
1.03993
1.23993
1.40614
3.31516
2.99154
1.65221
3.21826
3.25531
2.90742
1.24382
2.51922
3.2715
2.34189
2.21487
4.3348
3.04713
2.509
3.01035
2.94566
3.72843
3.73835
4.28958
3.64282
4.57395
2.97955
1.55389
3.08851
4.54501
2.77053
3.98131
1.42669
2.76132
2.24551
1.89223
3.87171
2.90355
2.37246
3.58069
3.85661
2.92367
2.29626
2.71882
2.28098
3.12194
4.81858
1.88731
2.56903
2.97935
2.62573
4.40165
3.09089
2.75811
3.18927
2.00063
3.01126
2.19108
3.40534
4.36882
2.20796
2.19425
3.50436
2.71044
4.08645
4.65032
3.57871
3.62775
3.0389
2.81989
4.01926
2.15687
2.58808
3.13161
4.12371
2.97013
1.90661
3.11049
3.38403
3.15709
2.80729
3.03377
2.36218
2.16862
4.62568
1.9078
2.49483
2.11987
2.50392
3.93072
3.54446
2.90103
3.58559
1.68333
3.04799
3.40346
3.6044
3.81548
2.87815
4.81191
3.0053
2.99748
2.75886
3.76821
3.84107
4.17778
4.6289
3.4325
4.10438
2.18578
3.2758
2.37167
4.37169
1.93797
0.801921
3.17378
4.42098
2.05467
4.19583
3.24715
4.67185
1.58282
3.52609
6.40627
1.0657
1.49722
3.41467
0.478192
3.54884
2.66968
2.05528
3.3261
1.21602
4.67367
2.83103
2.53957
1.84378
3.52619
2.9811
2.96006
2.72955
2.74521
3.3338
2.93377
2.52268
3.8529
3.44751
2.66461
4.5518
2.43086
2.81968
3.11615
0.565695
2.55007
2.78721
2.23067
4.44344
4.02037
1.53372
2.10351
1.1867
2.59034
2.95902
0.717139
1.69226
2.0934
3.10483
4.91623
4.5879
3.12025
2.39156
3.5153
2.63868
5.41368
3.57616
3.41868
2.59212
0.877904
3.31513
2.90935
2.1064
2.89473
3.99969
2.32425
3.41833
1.29595
4.78147
4.04938
3.32292
1.83304
2.3425
1.99913
3.43924
1.64283
3.17362
1.79195
3.5944
3.91477
3.65988
1.78616
4.40332
2.46949
3.4917
4.3552
3.25118
1.83256
1.02442
4.31716
0.925973
2.09411
2.4721
2.59012
2.00779
3.14909
4.63599
3.41712
3.78351
1.86174
3.9476
1.65826
3.06475
2.70253
2.31358
2.00576
4.9968
0.775421
4.12307
1.99364
2.55485
2.53238
1.7441
4.08426
2.94797
3.8369
3.72297
1.60929
3.23549
2.19826
3.4643
1.84086
4.66561
3.07042
4.44447
5.24313
3.46016
3.25437
3.30361
2.71179
1.45948
3.22214
1.38896
2.16155
1.47713
5.04117
1.8067
3.98088
3.09507
4.34241
3.09018
1.84762
4.12425
2.88265
3.14564
2.11418
1.76447
1.64035
2.95305
2.35395
1.61715
3.17339
3.44925
1.38699
2.67491
2.29616
2.5224
3.45438
3.15198
1.79688
2.87301
1.73258
3.78737
3.63068
2.9162
1.94196
1.92943
3.77439
2.30513
3.76321
3.19419
4.91187
1.95914
3.10784
2.89093
2.85026
1.58335
2.42926
2.48357
2.66961
3.3877
0.681888
1.97754
3.4276
3.00655
3.30694
4.719
2.79911
1.43901
3.48096
2.90598
3.20783
3.83282
3.22875
4.34221
3.37715
4.09595
4.29457
2.89608
3.07804
2.97365
4.59748
2.8886
2.65107
3.76421
3.69048
2.99834
2.04668
4.07596
4.21266
2.15161
2.41918
3.98528
2.45086
4.22043
4.60047
3.68229
4.3184
3.26013
3.80437
1.85054
3.577
3.78295
4.79784
1.32545
2.51747
2.79978
4.36905
4.34013
3.55896
2.2806
1.79219
2.826
4.32184
3.15364
3.01755
3.98506
1.67903
2.12575
1.51407
3.77942
3.34685
4.40932
2.40714
3.83378
1.85991
4.04752
2.61538
4.26059
3.90451
3.65053
2.95767
2.57617
2.97517
2.76865
2.53462
3.82918
4.53995
4.49484
3.74465
4.61942
2.84798
2.69852
3.72151
4.66847
4.49141
2.87903
3.71928
1.94966
3.89597
3.33502
4.25553
1.96476
4.96678
4.19513
3.44006
3.30814
4.47966
3.03997
3.15059
0.760958
3.54786
2.66469
4.14318
3.95186
4.284
4.03292
4.25432
1.37241
2.20955
3.13736
2.78095
3.07844
3.74972
3.04409
2.50112
3.86511
3.83822
3.04627
3.91294
1.99992
2.91705
5.02152
2.98173
1.50904
1.23314
3.52247
3.00296
2.73238
4.79934
2.83684
2.84001
2.91223
4.52212
2.40596
2.43933
3.59316
3.59239
2.25117
3.34114
3.17748
4.41085
5.82415
0.496828
3.61704
3.28905
4.1955
4.13143
3.69119
2.17877
2.33877
2.69207
1.78312
2.44928
2.95976
2.87555
3.71399
2.34914
4.33967
2.24041
4.91792
2.7351
1.25807
3.4563
3.56266
3.08002
3.36571
2.32243
3.46405
4.18554
3.70966
3.75231
2.8711
3.17123
3.35381
4.08552
5.29936
1.96644
2.10952
2.72957
2.73831
2.89444
2.09507
3.65296
3.65686
4.3325
1.61688
3.30474
2.3045
2.63692
3.64031
3.54746
4.50104
2.49464
2.94087
3.29196
4.67474
4.21645
3.53937
1.7914
4.75681
1.58973
3.04217
1.79638
2.9113
3.42344
3.60031
2.93333
2.54424
3.91906
1.85296
3.18453
1.14726
2.53444
4.12496
3.12544
2.82125
4.64719
1.84199
3.45558
3.88362
3.45442
4.62258
2.18247
3.36162
3.83664
5.20863
2.69778
2.12913
3.50239
3.48199
4.74386
2.92267
3.93814
2.21902
3.92584
3.78025
4.59038
3.30655
3.50297
3.4258
3.41334
4.23584
4.01744
3.41842
2.84644
1.2704
2.68831
2.13922
2.94528
1.96671
2.34652
-1.#INF
3.44836
2.27813
4.36694
3.10455
2.26144
3.29498
2.93923
4.31983
3.25401
3.13758
1.64793
3.30714
2.54926
2.37138
4.28959
0.731759
4.08461
3.47796
1.98523
3.12016
1.97003
3.56806
2.97621
4.15481
2.36418
2.69065
2.51706
4.27568
2.95929
3.54568
0.151887
1.04259
3.20862
1.79169
3.42601
3.38261
2.57909
2.94729
2.57082
4.51359
2.56881
1.58489
2.61131
2.77271
2.79558
0.825858
3.64851
3.4464
3.66016
2.31214
3.00881
2.28445
3.48411
1.51245
2.67869
3.69816
4.37929
2.9622
2.77432
1.93879
4.04633
2.90104
3.85302
3.19481
3.1374
2.06134
2.8746
3.57487
1.91484
2.56069
3.74565
2.57939
2.49465
3.5679
3.91253
4.30308
3.72615
2.85812
4.25394
2.15989
3.1107
2.92119
2.91463
1.57013
4.54356
4.25867
2.49906
2.91471
3.47796
2.58737
1.83932
5.14915
5.07637
3.18098
4.69409
3.60394
2.12919
4.29976
2.2808
2.41805
2.77254
3.76126
2.75691
2.50698
3.42631
3.51552
3.53446
4.51842
1.21898
2.6012
2.44259
3.61859
4.46223
3.31524
3.7039
3.63632
3.91636
1.56979
2.98085
3.54099
2.57365
4.25522
2.72753
3.84135
4.05657
3.54072
4.07128
1.79415
2.61545
3.23495
2.52723
4.81367
5.14123
3.43996
2.25974
2.27629
3.34714
2.38014
0.86368
5.20641
3.3904
3.57116
2.07179
1.73985
4.16254
2.92302
4.13952
3.74061
2.06488
2.23781
3.40569
3.48835
2.39034
3.35161
2.58894
4.72572
1.90913
1.84365
4.35177
2.8755
4.73783
2.56707
1.69327
2.51262
3.08705
2.01639
3.99381
2.47446
2.14075
1.86722
3.2845
3.50684
1.97178
1.61508
3.12333
2.5923
2.96877
4.40344
4.31547
2.36172
2.5933
3.45305
2.50769
4.34899
3.17298
2.16524
2.79313
4.19201
2.13101
1.68729
4.04774
3.93368
2.54449
3.77187
5.69336
2.91453
2.91623
3.47101
4.82054
3.34377
0.949101
3.58803
2.67212
2.59727
3.05414
2.85834
3.28955
1.20419
3.53199
1.05962
1.94859
5.01712
3.48231
4.87932
3.86556
0.920813
3.56768
3.11334
1.66592
2.7708
3.07276
3.57768
4.85761
1.25997
1.5811
2.4604
1.66087
1.27092
0.850107
5.00729
3.06622
3.66773
3.54543
2.33007
4.86832
1.12008
2.67231
4.06994
0.862829
2.23264
4.20968
3.3095
2.577
3.59391
3.45233
2.90362
4.42789
3.32224
2.67939
2.87344
3.3969
2.18092
3.65333
3.23163
0.973151
4.21151
3.72429
5.08759
2.61749
3.27023
4.45511
3.40033
2.15136
2.02296
2.1369
2.2392
3.24698
2.96086
2.8236
4.73777
1.29428
2.47285
4.01766
3.32936
2.77042
4.50053
3.61095
2.80202
3.02954
2.66009
4.00203
4.67505
3.89176
2.44156
2.70425
3.23404
3.62458
2.56879
4.41667
3.71663
3.60584
4.48926
4.36512
3.60223
2.34046
3.78666
3.76999
1.87269
4.27832
1.67689
4.31408
3.46709
3.61122
3.76065
5.18269
0.270798
3.63743
3.59582
2.35977
1.63865
3.94842
2.38244
0.984856
4.03448
1.14844
2.72657
4.19675
1.15709
1.69964
3.02905
4.07682
2.68881
5.29154
1.86925
3.79886
2.92169
4.50728
2.19219
2.73924
3.24108
2.12839
1.84091
4.62814
4.47316
4.02773
2.29891
2.32517
4.12221
3.42561
3.84136
2.55826
4.43613
4.87138
3.18792
3.33567
4.76692
2.4114
2.2685
2.64871
2.83335
4.05631
2.22801
2.28973
1.93186
2.02443
2.98619
3.11886
3.75577
2.59573
2.69885
1.94501
5.89449
3.69053
3.66899
1.72579
3.15243
4.29414
0.586836
4.06483
2.77784
3.29535
3.57571
4.65436
1.33781
2.43658
1.96188
5.20036
3.64651
3.3698
3.75573
3.78531
3.9731
2.67499
1.3126
2.80041
3.37957
2.12901
2.17124
2.69736
4.94173
1.98575
3.14224
2.27098
3.66017
2.39913
3.94463
3.43952
2.56231
3.91005
3.27836
2.79237
3.35003
2.45101
3.89426
4.15798
3.05989
3.10539
2.90647
4.54226
3.58537
2.36409
2.41735
2.52705
2.99362
3.56236
4.34696
3.87884
3.88788
3.01156
3.92394
2.95659
2.40083
2.25012
1.92844
3.36817
4.33417
3.80978
3.37179
1.61562
2.62208
2.82063
4.89154
3.75833
3.10327
3.68724
4.09082
1.30378
2.92515
3.02288
2.58556
3.12224
1.62657
2.77566
1.14609
1.39009
4.80614
3.30997
5.1361
3.09409
2.98419
3.56467
2.0763
1.51272
3.60509
2.27149
4.74619
1.878
2.58143
1.74225
3.22896
3.05764
2.73767
3.03662
3.06828
4.62268
3.11277
0.632466
2.3979
5.01457
4.46629
3.19078
1.73676
1.85174
3.82658
3.59475
2.23209
3.78682
2.66639
2.48088
2.94379
0.559204
5.1695
2.2941
3.43961
2.55246
2.11547
5.76028
4.21786
3.03389
3.93931
3.74743
3.66251
2.50095
2.4897
3.20778
1.75284
3.37415
2.9215
4.19094
2.80815
2.79213
3.7159
1.77288
3.27457
2.81614
2.72908
3.8402
3.78444
3.91501
3.90198
3.85666
1.70136
2.38609
2.43489
3.03339
4.58656
2.4151
1.7575
3.69699
4.47549
3.2644
1.85451
1.75533
3.92417
2.63995
3.18022
3.52191
2.75234
4.13626
5.80371
4.26995
1.46001
2.53471
3.0779
2.12344
4.90338
2.89555
0.926933
2.63506
1.94652
4.09719
3.59319
2.51554
4.54852
5.39401
2.82396
3.53946
3.51571
2.6768
3.59079
3.59386
2.98875
3.78949
3.00652
2.51954
2.59139
0.919024
4.15846
2.15446
2.26475
3.10564
4.00826
3.08854
4.61514
3.31521
1.68762
4.84043
5.25607
4.43227
3.45168
2.54006
1.9436
3.70874
1.74421
1.85443
3.94706
3.61968
2.3393
2.71385
4.69059
4.67925
2.53285
3.95789
3.4295
1.9674
2.74003
2.13798
2.75148
3.16145
3.79983
3.80766
1.41548
2.71289
3.99131
3.14673
3.21534
3.44556
4.46419
3.46014
3.20831
4.29489
4.31113
2.31241
3.94893
2.86689
3.98335
4.19169
3.42657
2.62891
2.8452
2.62017
4.14607
2.32517
3.12487
0.870727
2.77874
1.11069
3.26489
4.90236
3.1067
3.52979
2.50295
4.28422
1.19731
4.43592
3.0114
4.23593
3.00816
2.2155
2.31724
2.33612
4.47334
4.69913
3.59869
1.3877
1.22335
3.39424
4.17326
3.21411
3.90373
2.3648
4.04489
2.42513
1.91974
4.09757
2.45933
3.09794
3.63148
3.67508
3.6719
0.543706
4.08415
3.79025
3.77
1.99655
3.7754
4.10417
2.78578
4.47138
3.46762
2.48992
2.03023
3.89748
2.38417
2.87992
3.23651
3.98284
0.91261
3.59609
3.28103
3.46593
2.33529
2.48656
3.17421
1.47394
2.11959
4.23409
3.66271
2.70449
3.14559
5.97209
4.43858
2.81584
1.97142
3.30994
2.30353
2.54111
0.9943
1.5586
2.8518
3.60367
3.47418
2.1374
3.50418
2.42757
2.06893
2.02219
4.03893
4.24495
3.25041
0.0367448
2.9571
2.44136
2.83889
2.67252
2.02858
3.11166
3.02099
4.06721
6.10848
3.21527
2.63957
4.26169
1.50429
4.58357
3.77706
1.84821
3.55091
2.17731
3.87474
1.54021
3.94301
1.84542
2.79116
3.65494
3.77329
4.50427
3.56767
3.18427
4.68047
5.31867
2.11918
2.92392
3.5042
3.7407
2.86478
2.60644
2.57734
2.72458
1.86603
4.2534
3.41066
3.50279
3.95507
3.62996
2.66291
3.46547
2.30954
3.13799
3.62008
1.76101
3.44591
1.74118
2.19677
2.23112
4.12871
2.49885
1.16849
3.62911
4.01672
4.26198
1.06309
2.50762
2.17791
2.47641
5.27121
3.81064
1.80035
2.98696
3.67033
3.94135
2.7933
2.48711
2.71604
-0.468871
3.62232
2.97641
3.97449
4.34711
5.56165
3.87688
3.36121
2.12975
2.86827
3.84091
3.02138
2.34355
1.01847
3.20152
4.04301
4.64585
3.04048
2.81836
1.69393
2.85636
3.51142
3.27492
3.8494
1.59123
2.23255
0.994995
1.88867
2.64752
2.45143
2.14099
3.37337
3.3166
3.11746
4.94053
2.8884
3.93282
1.81411
1.01348
2.48512
4.22205
2.72751
1.73721
2.9983
5.69606
3.03433
2.54906
3.992
2.86227
3.48118
5.29252
2.16314
4.34029
1.57703
1.87059
3.77594
2.55206
1.96611
2.55851
3.7382
0.695867
4.43474
3.08919
4.32109
2.99135
3.62284
2.36385
3.41721
0.468884
2.57669
2.94259
3.59077
2.4101
2.00899
3.85815
2.85599
3.07103
2.31472
3.90509
3.11086
3.11145
4.54554
3.79993
2.93236
4.95682
3.60442
3.27259
3.14057
4.82674
2.32798
4.03976
2.49814
4.46437
3.01971
4.30997
2.87072
4.36116
2.23246
2.99333
1.82872
3.18548
2.25364
3.24338
2.40037
2.04779
3.9133
2.46002
2.68876
3.47865
2.72786
2.46378
2.37911
1.94984
4.04914
1.16916
3.04504
2.46993
3.09195
2.97899
4.27164
3.08571
0.792768
1.63641
0.752419
3.57611
3.79052
3.05978
2.33839
4.08883
3.03589
2.38008
1.73049
2.23568
3.3133
3.42091
1.85261
3.09175
3.58547
2.67433
3.95728
3.68509
2.60882
2.47772
4.3727
3.71687
3.89935
3.21214
2.19035
4.99464
2.41848
3.1079
4.05664
3.00059
2.57921
2.50603
4.24014
2.09242
1.492
1.53629
2.17265
3.67472
4.44169
3.73023
1.99874
2.90412
1.95527
2.19385
2.48247
4.60761
3.77791
1.39213
2.19737
3.17504
4.77278
4.44175
3.46625
3.56728
3.32272
5.339
3.0739
2.90825
3.22794
2.56811
3.08522
2.4844
2.39204
2.1953
4.03858
3.91762
3.44846
3.6486
1.67061
1.83997
1.46048
2.45975
3.40119
1.55706
1.67717
3.90722
5.3666
2.84124
4.89731
3.06495
4.16066
3.68968
4.06798
3.66968
3.5916
4.22318
4.18676
3.41356
1.46804
4.81857
3.07999
3.93312
3.49844
1.49479
1.93134
3.77747
4.28604
2.66208
3.76384
5.1358
2.64699
1.27913
1.7856
0.932678
4.20392
3.78258
3.26538
3.96878
1.44091
4.84785
3.15467
4.76505
1.87771
2.07091
1.93096
2.91079
2.87842
4.86361
1.32795
4.62815
4.17626
2.7273
3.5507
3.31087
3.52336
2.56161
2.2153
2.54591
-0.0126869
2.06599
2.57339
3.27813
0.246187
2.35968
1.62505
2.8935
2.05001
3.69139
1.6347
3.67434
3.17931
2.06577
3.67903
2.26056
2.69386
3.09185
2.95681
3.38652
3.18652
1.63686
3.02499
3.59077
3.09183
3.7644
1.27352
2.91528
1.46748
2.59005
2.61681
1.49831
2.4389
2.53451
3.65003
3.20625
2.90092
3.04071
3.2705
1.80633
3.70152
3.08947
4.10538
1.38992
3.90952
4.12279
2.44318
3.07581
3.06025
2.63777
1.18312
3.34465
0.906901
1.23069
3.65728
1.72062
1.9683
1.97121
3.38739
1.11543
2.16361
1.39271
2.24833
2.1643
2.70939
3.3173
4.52835
2.49349
4.47137
2.97152
1.63791
0.954909
2.34517
3.81065
2.54787
2.80357
2.08453
2.34341
1.83162
4.24147
2.35641
3.66182
2.97538
3.92629
1.83424
3.88874
2.64387
3.03692
2.26851
3.39749
3.69354
3.23675
3.24055
3.20957
2.85769
2.64754
1.24698
3.69226
2.36942
3.19504
2.32364
1.43984
1.03052
4.07387
0.696228
1.45614
1.92641
3.47007
3.49691
2.44655
1.85556
4.7428
2.89433
4.08114
2.05491
1.09559
2.67914
2.61134
3.85559
2.63109
2.03907
3.84791
3.39491
2.58557
2.16241
1.83508
2.47094
4.9787
1.45367
3.01643
4.26982
3.91314
3.44452
2.35737
3.93262
3.84756
4.0643
2.57207
1.88668
4.3175
2.90804
0.91359
3.73778
3.75412
2.08594
4.69868
1.47308
2.29167
3.62094
3.21837
3.81661
3.66573
3.82987
1.76512
2.77457
1.62006
4.67185
3.01565
3.39942
2.86361
1.86918
4.54504
1.33927
1.98225
1.93644
2.48551
3.84731
1.75336
3.14408
4.58515
2.53809
1.49498
3.67411
1.19563
2.91118
3.43427
2.58755
4.43724
2.74528
3.00439
3.49396
4.18042
3.4552
2.15481
3.1312
2.61716
2.84365
4.49424
2.9002
2.42757
2.86783
4.07029
3.13122
1.9335
3.55472
1.37431
2.83878
3.5442
2.43486
4.06175
1.54434
1.95192
3.2454
2.93935
1.79247
3.17564
5.47703
2.75546
4.41116
5.067
3.75741
3.33178
4.19815
2.2141
2.38656
2.73819
2.74335
4.92926
4.59526
5.20381
2.0512
4.43579
4.60849
1.37573
2.49975
1.39446
3.49329
2.56416
2.80821
3.18717
3.45947
2.03163
3.57571
2.79185
2.69558
1.83816
4.4735
1.70655
3.32469
4.46627
0.828618
1.32701
3.24186
1.41189
2.65342
3.97771
4.02995
3.2224
3.82596
1.41365
3.6788
2.25293
3.22096
1.44283
3.18497
3.05868
2.99811
1.59404
2.71759
3.03204
3.36011
5.0532
3.17292
2.08323
2.28619
2.96845
2.39213
3.31587
2.44596
2.21613
2.69913
2.91406
3.01425
2.80259
2.28979
3.71598
3.9049
2.13443
2.54732
3.07931
2.37725
2.91619
2.96095
3.62291
3.12672
3.17881
3.30769
3.94116
3.87525
3.53315
4.86269
3.77126
4.34833
3.3627
3.67109
3.99695
4.84669
4.64605
3.78109
1.91689
1.22328
2.24815
2.13701
4.17317
4.0958
5.72983
2.61122
3.51396
2.06596
4.632
3.66099
4.49475
1.70658
1.45431
4.46605
2.00311
2.10875
3.47034
3.24081
3.65066
3.11195
4.42687
3.04607
1.16733
5.16754
3.63212
2.60384
4.67226
2.48429
1.69463
3.28777
1.57846
2.52644
4.22059
4.04281
5.04095
2.58101
2.03563
4.12595
3.33614
2.74583
2.37892
3.53343
3.71054
2.52082
3.70301
3.70785
3.54277
3.47002
1.48728
1.21561
2.86433
2.94116
1.86535
2.06442
1.78077
2.67804
2.44709
2.93692
3.15111
2.98882
4.02917
4.22545
1.80771
3.26378
3.19976
2.25882
3.4202
3.2133
4.19899
2.85577
5.11795
2.29691
1.43091
2.17003
3.75127
1.49698
4.17348
2.45533
3.00609
2.85196
1.08347
2.32016
2.41435
4.50612
1.73738
3.26577
4.41322
2.97253
4.73457
2.87948
4.3036
2.69669
1.94065
1.63247
3.92173
2.59161
3.39436
3.74038
4.57438
2.56852
2.63906
5.09413
2.91322
3.57678
3.31072
3.44736
3.31797
1.98098
2.58988
1.45642
4.45093
1.1626
2.10326
3.89064
2.52023
3.32592
3.49208
1.30409
3.81735
2.60056
1.70784
3.3786
4.11503
2.58469
4.899
4.14096
4.35299
4.6995
2.86169
3.2742
2.61145
2.02164
2.97961
3.14175
2.10992
2.94202
4.8711
2.37567
1.1041
3.06955
3.74466
3.08752
2.70059
2.81384
3.29537
4.1336
3.77257
1.90995
2.30298
3.66242
2.23831
3.29259
3.55774
5.01081
2.86259
2.65023
1.42744
3.87427
2.23042
3.72698
3.08417
4.25335
3.65417
2.99264
2.76922
5.38573
4.01964
1.8844
4.67486
3.63989
0.780156
2.38731
2.29849
2.11317
2.71911
2.11337
2.45067
2.10943
3.7751
2.04357
3.04598
4.19156
5.04798
2.5724
4.12252
1.54022
4.70813
3.51468
3.22144
1.82182
1.9157
2.43135
4.47575
1.37035
4.49926
2.62247
2.72573
2.24461
0.819626
0.837303
4.56654
3.7081
2.13511
2.6687
2.8984
3.28023
1.40727
3.68042
2.7246
2.58694
1.62462
4.70157
2.48823
1.47479
3.6601
3.93389
2.33506
4.79241
3.72245
4.23103
3.79671
2.23569
3.56033
2.4076
1.61005
3.65464
3.19984
3.56218
3.44928
2.67915
4.36067
3.38584
2.93361
3.82991
3.17927
2.91883
1.3969
3.44055
3.44077
4.10644
5.25593
4.36598
3.18242
2.10958
4.10324
2.7581
2.62705
2.24439
2.4177
2.06897
4.5689
2.30543
3.08774
3.32514
3.53633
0.521739
3.27419
2.80922
1.22503
2.59051
3.70809
2.30743
2.88988
1.50524
2.54093
1.65456
3.7592
2.65982
2.80237
3.411
4.52383
3.15473
2.24712
3.11219
1.84549
3.50038
2.66354
3.13936
1.93621
3.3036
4.02991
3.75824
2.00432
3.31433
2.48695
0.885174
4.02381
3.38828
3.4774
4.62889
3.11529
2.19641
2.31126
2.5957
2.20396
3.74185
4.29789
3.82994
2.79675
3.10672
2.19404
4.24225
4.89287
0.0928698
2.40218
3.27664
4.00611
2.75246
3.98639
2.99853
2.50438
2.64424
2.24036
3.35522
2.79748
4.23615
2.5778
2.25466
1.41388
1.3218
2.99072
2.93495
2.21171
3.05086
2.85522
3.11702
3.60035
2.05006
3.56968
4.49941
2.83147
3.07184
1.76893
2.32194
3.81599
3.65206
2.91951
3.16088
3.61833
3.02157
3.00744
1.14644
2.93331
1.02427
3.54883
3.81776
3.41657
1.65148
2.15344
4.27072
3.39799
2.50032
4.58105
2.74876
2.89218
3.54095
3.80757
1.4988
3.60119
1.59883
2.25598
2.66007
3.48705
2.25565
2.0311
2.38759
2.34111
3.37839
1.82881
3.87152
2.09565
3.23492
5.17362
4.19712
1.75875
2.34854
3.37895
2.72026
3.39686
0.914731
5.74015
1.70569
2.99414
4.52843
3.01688
3.32717
3.69446
3.44559
1.77624
1.57358
3.78409
4.79088
3.0271
1.74837
2.28266
3.20027
1.63633
1.54391
0.405849
4.2579
3.9359
3.53128
4.17277
1.93672
3.26643
3.41655
4.41407
2.52357
3.12555
3.62333
3.28903
3.66566
3.72467
3.92475
3.60821
2.63597
1.12747
2.83911
2.68588
1.30401
1.89093
1.56609
3.77961
2.32143
3.59231
3.11646
1.18734
2.21091
3.42175
3.99087
3.43512
2.82081
4.33074
3.43869
3.64797
3.87774
2.28848
3.66074
4.53454
3.04512
3.61403
5.67398
3.51777
3.84899
2.0379
4.61593
1.94591
3.33207
2.94212
1.8341
4.14614
4.01832
4.19931
5.1077
4.87073
4.80949
2.18364
3.7653
3.18404
3.70812
2.4104
4.7507
2.65306
1.68637
1.84129
2.09832
2.7869
4.19174
4.23073
3.07826
4.32626
2.25598
2.87571
2.95245
2.32548
3.4137
1.92597
0.435031
3.00545
3.24439
2.5738
1.81165
2.56359
3.52748
2.3271
2.86649
3.79581
3.228
3.16803
1.44035
1.60007
1.94739
2.73356
4.45399
2.39504
5.22332
4.69763
2.47756
2.77071
4.17084
2.69946
2.95308
2.31796
3.73429
2.32033
3.42168
5.04613
3.99962
3.6644
2.91286
2.47012
2.71885
1.45616
1.13068
3.027
2.66368
1.92708
2.54868
4.43413
3.1637
3.21705
1.11157
2.93385
3.37615
2.07939
2.1907
2.59519
1.85751
4.18888
4.12817
2.64076
3.4914
2.3854
2.09472
2.28171
2.02287
3.61879
2.17461
5.62933
2.98979
2.40438
3.13026
0.839549
2.02315
3.76648
1.97397
2.27308
2.56264
2.57032
3.34982
1.70601
1.89851
2.55564
1.47698
3.07276
4.77646
2.6857
2.81645
3.66308
1.52628
3.55564
4.14356
2.10577
-0.394558
2.2981
4.97018
3.19092
3.25549
3.788
1.65998
1.6351
3.10865
2.43244
3.63404
4.09805
2.48
3.00893
2.75839
3.7626
3.25277
3.11883
4.07118
4.24006
2.5481
3.76826
3.80881
4.86715
4.5913
2.55359
3.9937
4.50553
3.98046
2.38297
1.63421
4.71723
4.15028
3.67137
1.90323
2.27988
3.67423
2.15712
1.57319
4.06696
3.02974
1.48192
2.88707
3.84891
1.19519
2.4046
2.8732
4.62457
2.07648
2.58006
3.59152
4.02198
4.08763
2.8806
2.946
3.58496
2.31968
2.41748
4.07069
2.68924
3.33602
2.46409
2.30493
2.92236
2.19245
1.13851
2.53078
0.517319
3.61313
2.10502
1.7082
4.43776
2.77997
5.08312
3.47204
4.02299
2.80394
0.799514
2.21921
1.69612
2.99908
5.33835
1.45012
2.96824
-0.48104
3.72029
2.27507
2.45073
2.95149
1.83597
2.35041
1.42012
2.85422
3.29474
2.8011
3.35557
3.50729
3.40511
2.85838
3.39964
2.78584
3.27892
1.63112
2.69638
4.2816
1.70442
1.72454
3.14189
2.85137
1.86095
1.62716
3.82266
4.03102
3.80934
3.68171
2.62741
3.8156
2.86675
2.71473
2.90719
1.47434
2.03808
3.42563
3.02174
3.43472
3.95941
2.25295
3.02356
3.39391
2.48279
4.98557
2.50353
1.41701
2.81595
3.40322
2.44666
2.59011
3.45354
3.03309
0.85417
3.07404
2.47418
3.10455
2.21878
4.43735
1.0091
3.34354
1.12181
4.7244
3.90154
2.3482
3.42533
0.458021
2.3332
2.68606
2.06436
1.30957
2.85546
2.81217
3.05707
3.39785
2.79207
1.81659
3.30036
2.69996
3.72875
3.01371
2.45222
3.31424
2.2454
2.66105
2.21995
3.45441
4.01658
3.13371
3.03203
3.81151
2.11007
2.9566
3.00077
2.72176
3.41241
2.41275
1.30215
4.43017
2.77425
2.33241
1.70504
3.11056
1.64644
4.02315
4.50955
5.16596
2.15223
1.96617
3.42079
3.45142
3.66269
3.36191
1.19506
3.22659
3.42079
1.97572
3.62691
3.11901
1.80092
0.589634
3.68948
2.135
2.90597
2.82605
2.46085
2.99121
2.70147
3.28618
3.67636
2.45099
3.81642
3.73309
2.2882
2.86595
2.80446
4.4786
2.84159
4.34204
2.77686
1.80825
2.98146
4.48601
2.52618
4.17218
2.29381
1.71193
2.59246
3.42425
2.80603
2.39374
2.72115
2.41441
3.84288
3.23021
1.65398
0.307248
3.35852
4.56426
1.88891
2.9148
2.35414
3.56715
0.753569
2.49747
1.31174
3.45352
3.37932
0.700816
0.744358
4.45148
4.06127
3.0764
4.59013
4.08497
2.89871
4.00291
2.72053
2.93825
3.14706
2.51053
2.80955
2.65743
2.77337
4.54263
2.35668
4.4034
3.51185
2.68851
2.49108
2.33143
3.54485
4.52005
1.7955
2.01484
1.45254
3.75146
3.07534
1.98254
2.21328
1.93702
3.49377
2.53659
2.03793
2.22286
1.32458
4.33812
1.9836
1.74317
3.03894
3.33145
1.70691
2.81189
3.4638
4.55848
3.80445
4.24606
2.22803
2.53625
2.49136
3.15621
3.10815
2.56197
0.972653
2.9698
2.9694
1.11656
2.26155
1.96154
5.85169
2.37562
4.09392
2.71026
2.63248
3.63722
2.78323
4.09922
5.53789
3.74415
2.68225
3.29562
1.84246
3.87907
1.62096
4.88213
1.8135
3.69543
3.62622
2.85352
3.41715
2.44703
1.82285
2.22595
2.25931
3.09728
1.41631
3.9041
4.50047
3.60512
2.60607
2.19808
2.94541
3.25119
2.42868
2.87713
3.63237
3.87467
2.99012
2.35959
2.47015
2.2139
3.29609
5.01557
5.04653
6.03205
0.912756
1.66096
4.01011
3.1963
4.02634
3.42399
2.34745
2.09383
2.46586
3.14552
2.29618
1.60024
4.20552
2.12105
1.82513
3.94376
2.80341
1.9902
2.56791
3.477
0.67243
2.60348
2.51096
1.88545
3.25575
0.302965
1.46548
5.31973
3.46721
3.50072
3.00372
3.02123
4.02421
5.04604
2.34468
2.89444
3.70359
3.55944
2.94646
2.89257
3.58227
2.8794
3.32162
0.976303
4.50971
4.53226
2.0059
2.82335
1.85874
2.7641
1.77474
4.11869
4.37156
5.21591
3.79565
4.3923
2.73003
3.02205
2.96154
1.78688
3.43062
1.94169
3.32161
2.86741
3.21136
0.655055
1.70856
0.697237
2.38246
2.98919
3.62514
3.26789
3.98199
1.93368
2.15155
2.83631
3.07691
1.81223
2.43516
4.10412
1.72153
4.12259
3.74277
2.76443
3.71524
4.86514
2.16642
3.80135
2.6632
3.32121
-0.756869
2.13748
3.54181
1.6997
3.73418
4.30561
3.81045
2.92062
0.993946
4.87102
3.84379
4.31586
1.74039
4.40167
4.70117
4.00626
4.05352
4.32081
3.55822
3.50562
2.76287
3.49999
2.58197
4.28336
6.05095
0.601979
1.95381
2.16454
3.146
0.938133
2.99183
2.24895
3.66548
0.936281
1.9504
2.72529
2.1178
2.91594
2.98589
2.11355
2.35778
3.83215
2.19504
2.84915
3.35477
1.73996
1.98745
1.3702
2.94645
3.37948
1.26435
1.62106
2.73633
2.04395
3.87376
3.12434
3.42535
2.72994
2.44308
3.19276
2.27891
3.65987
3.47676
1.73147
2.5467
3.47194
2.75195
3.85463
3.54494
2.61997
3.55667
3.95919
3.21999
2.00787
3.22955
2.97128
3.03594
1.87883
2.02924
2.18038
2.82966
2.9796
2.50444
1.01784
3.45168
2.85842
2.34758
1.68562
2.06373
3.29223
1.19495
2.59613
3.57763
2.83185
2.20916
2.94076
1.56297
3.6842
2.76678
3.09065
1.28606
2.95971
2.86595
3.12384
3.58638
2.74935
3.72932
4.8712
5.08379
4.51032
3.34588
1.61304
3.93006
3.68264
1.64112
3.82846
2.40464
3.05419
5.50093
4.20945
3.03636
3.52921
2.04431
5.37938
2.36748
4.50865
2.03774
2.06316
2.64296
3.32567
3.55
3.17515
4.59293
1.8377
3.40843
3.35214
3.06856
1.00207
2.04344
4.54574
1.10735
3.14208
3.8243
4.03617
3.12968
2.67233
2.18122
5.23429
1.87075
1.46516
3.5914
3.99621
3.65483
1.18104
2.48714
4.39187
3.07578
2.29504
2.95486
1.18806
2.93344
2.76086
3.28693
2.01562
3.85268
1.38942
3.19986
1.67623
3.14878
3.39053
2.18709
3.39845
3.04395
4.43687
2.71558
2.00491
2.98491
3.26501
4.05096
1.98005
2.29927
3.44675
2.02603
2.99933
2.71701
2.97659
2.07585
1.97136
3.16348
1.97728
1.83045
1.37025
2.38482
3.04531
2.32894
2.64193
2.55745
1.92513
2.42314
3.85249
5.58494
4.0161
2.71568
2.82024
3.25646
1.54551
4.05946
3.13048
4.26662
2.6224
4.73055
2.67076
3.6589
0.0815236
1.58925
2.51451
3.41342
2.34438
3.97272
2.83812
4.16536
3.59729
4.01714
1.56943
2.83647
3.31195
3.22788
1.83216
2.43614
2.73637
3.37104
1.29465
2.21703
2.38888
2.65054
4.02389
2.99208
2.98095
1.65476
2.79275
3.45542
5.57668
1.60603
3.01106
3.34497
3.90635
2.35228
4.07124
3.04845
3.4135
3.93003
1.49952
2.57206
1.69396
3.81614
2.67538
3.50014
4.13218
2.71865
2.04844
4.78635
2.87564
3.33709
3.32965
2.39873
3.3355
0.346676
3.68916
3.91935
1.4037
2.60758
2.38748
3.63094
3.58295
1.45998
2.38886
4.2269
3.26715
4.2784
3.76073
1.9288
3.60939
3.25795
3.37646
2.31716
2.53505
3.19204
3.9372
3.49691
2.09411
3.09946
3.33667
2.8851
3.90007
3.23828
2.20476
2.92382
5.86116
3.18957
2.15327
1.99871
3.4958
2.35564
1.56775
4.82254
1.92796
3.29984
3.1358
2.09673
3.86422
3.08694
3.48546
3.94465
4.5365
3.57512
2.65329
3.56593
1.41507
3.0921
3.37282
2.88627
1.94106
3.83063
1.5843
3.57529
3.80676
2.98664
1.4099
2.85384
4.41794
4.06112
2.8341
3.08201
2.38951
2.01997
3.32987
1.2894
3.8655
1.76638
2.86059
2.48642
3.87572
1.6448
2.1813
1.98082
0.783871
3.3681
2.82865
0.936713
3.31378
2.55313
3.39676
4.55695
4.05568
5.16206
4.37552
4.84618
2.21454
1.13675
2.76163
2.11993
3.27969
2.37221
3.01514
5.33207
3.81079
3.02195
2.17834
3.88883
4.13833
2.08519
2.91609
3.47694
2.81897
4.95904
2.5379
2.18723
3.59539
3.34315
0.805388
1.45394
2.24456
5.52011
2.07577
3.6118
4.80803
2.42353
2.39759
3.26994
1.78789
2.56924
2.3468
2.2922
1.53017
2.03865
4.33907
2.53981
4.0937
2.8463
2.11754
5.68877
2.15148
3.3435
4.08681
2.79477
2.22977
4.95205
1.5273
3.30102
1.93274
2.44339
2.96176
1.55021
1.93754
3.51162
3.80319
2.88431
2.42596
2.67224
3.25887
1.42719
2.79867
3.08717
3.93604
4.16365
2.50296
4.35757
1.80207
2.26572
1.85069
3.38841
1.19401
4.30473
2.47622
3.24075
2.61767
3.10097
1.76672
1.80323
1.71995
2.10042
1.76855
4.64906
1.65677
4.73034
2.24068
3.46696
3.10847
1.83144
3.30644
2.81373
2.93286
1.57784
1.90589
5.10227
3.58874
2.24666
1.51028
0.755629
1.93443
2.87722
2.75334
4.42581
2.84081
3.65132
3.80975
4.60041
2.87474
3.03898
3.61028
4.24608
1.75861
2.8393
2.99012
2.93376
2.1546
2.75753
3.56468
1.95312
2.37763
2.43137
4.56035
3.21625
4.02756
2.61647
4.45583
3.47759
4.4772
2.03297
2.17412
4.02329
3.3858
2.81061
2.68446
2.51119
2.86125
2.53873
2.74544
0.469312
3.16966
2.75647
2.62208
2.37269
2.99697
3.60911
4.1112
2.2171
3.58453
1.76706
3.80528
1.67841
3.46776
3.28916
4.37201
1.19269
4.67702
3.82578
4.56844
2.41904
4.37359
2.1503
4.13333
0.0449584
2.59013
1.50101
1.39439
3.83971
3.59851
2.73581
4.87856
4.10084
2.31536
2.21941
3.68115
3.87455
2.73018
0.939971
5.13318
3.50027
1.7751
2.1984
1.76871
3.5925
2.86921
3.44789
1.55257
2.6738
2.5957
2.11363
3.10661
4.33925
4.45178
1.53748
3.15661
4.37567
1.4801
1.87084
2.22851
0.929505
1.93153
3.98059
2.01204
3.00193
4.13423
2.91654
1.55892
3.62864
2.80995
3.88045
2.7856
2.19839
3.09351
2.09411
2.274
2.88271
2.78867
2.78992
2.93148
2.51819
3.9799
2.65025
3.08376
1.76293
2.8966
3.01591
4.6239
2.38451
0.515562
3.07824
4.21238
1.38487
2.85754
5.014
3.61508
2.43087
2.9634
1.75556
2.01508
3.7201
4.41633
3.29805
4.02437
4.38311
3.14791
3.83359
4.59056
2.78641
3.52885
2.48533
2.95024
2.62071
3.11937
1.69265
2.94244
2.44972
2.44661
3.08672
2.31312
4.09883
2.31498
1.53425
4.59515
3.60553
2.82755
2.82492
4.32683
3.34849
2.43773
2.34785
4.05836
0.469807
2.85495
1.42997
1.9453
3.45093
3.09549
1.88858
4.4899
3.38248
2.53749
2.78123
2.73779
3.76679
2.86445
4.48891
2.34513
4.73394
3.30788
4.35827
4.05391
2.46131
4.24996
2.69753
2.98849
1.55971
3.32042
3.42108
2.86079
5.58634
3.572
2.71706
0.74585
3.70878
1.95412
1.60911
2.88767
3.30728
2.08657
3.24218
3.22696
3.53655
0.854597
2.3533
2.76532
3.78654
2.67815
2.8604
0.814789
4.25234
3.55335
2.63364
2.26628
2.50746
4.34852
4.0266
1.88479
2.38409
2.09341
1.6389
2.20672
3.12896
2.46858
4.89467
1.07774
3.52401
4.53245
2.6743
1.37869
3.14025
3.76269
3.77867
2.27891
2.08535
1.794
2.18619
3.4008
5.09617
2.61525
3.711
3.5581
3.15817
2.37376
3.8105
3.85741
3.82816
1.64043
2.45308
4.79525
3.67642
2.68344
1.47234
3.5711
1.22529
3.26096
2.09901
2.43297
4.2807
4.43706
3.11302
3.03383
5.29286
3.40533
2.85851
1.89318
3.19634
2.90232
3.43329
2.53753
2.91429
2.43737
3.83828
3.49176
3.86976
4.7236
2.85591
2.30579
3.70536
2.0179
2.39911
2.95589
1.8888
0.680422
4.50775
2.13598
3.68303
1.49022
3.85431
2.90051
3.34557
4.61723
2.36943
3.75192
4.1443
1.54391
2.28344
2.31982
3.81152
2.55106
3.61667
3.57393
4.25933
2.68941
1.55459
3.12032
0.474135
3.2883
1.28315
2.26441
2.24813
1.72365
4.33922
2.13641
1.6462
1.10973
1.91385
2.5602
3.45848
3.67037
3.23007
1.9716
3.13133
3.60497
2.6693
3.28245
1.26702
2.15446
1.23691
3.42732
4.67085
1.76592
3.8524
2.31817
2.05967
2.56925
1.9172
1.92415
2.11767
3.55581
2.92527
2.89179
4.3322
3.60185
3.20034
0.358044
3.78893
4.137
4.70962
2.07827
3.35318
1.38683
2.37502
4.11773
2.99397
2.76839
3.61933
3.87525
3.4033
2.03681
1.40994
4.38795
3.07498
2.22434
3.66087
3.44815
4.05464
4.38807
1.33235
1.96993
3.1088
3.44374
1.54413
1.367
1.49549
1.21752
2.42589
2.68904
3.33847
3.04484
2.61305
1.30511
3.52706
2.23876
3.51531
3.39505
3.01301
3.94401
2.24737
3.37556
2.00832
3.84353
1.61987
1.73894
3.52065
4.0841
2.45056
1.6161
3.82434
1.4374
2.82911
4.01247
2.77313
4.14507
1.82397
1.94239
4.33648
3.79999
2.84222
2.13753
2.34894
2.39883
2.4987
3.14422
2.93151
3.17674
1.79068
3.54472
2.62796
1.92852
1.35362
4.34413
2.51159
4.02089
2.47337
2.08881
3.98862
2.74983
4.21539
4.6531
3.09655
4.65169
2.68488
4.31879
3.39108
2.68728
4.0157
2.81076
4.58888
3.45971
2.63709
1.95591
2.72071
3.32249
3.78135
3.19732
2.84343
2.95767
2.843
4.24744
2.6244
2.51576
2.72947
3.71629
4.04361
3.74514
2.51607
2.94055
1.48073
2.26157
3.892
2.56604
2.69003
3.44769
1.16574
3.56114
4.23198
4.82481
4.32616
4.59397
2.4624
2.70174
3.21849
2.5562
3.32394
4.02418
3.35359
2.90039
2.47822
3.63664
2.62536
3.08209
1.35076
3.02903
2.72527
3.1387
2.65495
3.7654
1.53004
2.71185
1.56106
2.29274
3.27792
0.450745
0.80857
4.08176
4.44402
4.29281
2.90291
2.66326
1.1484
2.11581
4.94064
1.49995
3.16147
3.15946
2.72949
2.62003
3.89094
3.38402
4.24524
2.49042
3.78283
4.14675
1.99069
3.80721
3.30659
3.30866
3.50637
2.75251
1.52616
2.55763
2.93857
0.910127
1.43696
2.0138
4.67713
1.54637
4.03052
4.49895
2.06676
2.52487
2.38429
3.42679
2.78334
2.41484
2.4767
3.7023
3.82556
1.14715
4.55524
3.61675
3.12316
2.88853
3.22366
3.22566
3.97968
4.20835
2.9938
3.48062
3.2993
5.12752
1.69662
2.45271
1.82638
3.65286
3.56049
1.73832
3.82256
4.20662
2.93645
4.89304
3.28614
2.57392
2.81894
2.84222
5.42533
5.05716
2.56139
3.48101
2.06773
2.00325
4.79437
3.98018
2.02433
3.4397
2.8578
5.29831
1.31799
3.04183
3.13593
1.91992
3.66207
2.38547
3.61056
2.23649
4.63685
1.60345
3.51609
3.39
3.37931
3.34358
3.42758
2.46992
4.57214
3.10003
1.75447
2.88851
1.16635
3.4401
4.40787
3.82662
3.16625
1.98483
3.15529
2.38141
2.14289
2.75693
3.70478
1.50947
3.88155
2.84641
3.34912
2.58747
2.43693
3.05217
4.52034
4.39224
4.31282
3.17365
2.40855
2.73612
4.70157
2.58239
2.53659
3.84132
3.10965
3.62481
2.98447
1.51923
3.19197
3.64457
4.08779
4.01347
2.37171
3.14937
3.80698
2.79616
2.07092
3.40434
2.75957
2.70812
3.08774
1.80682
2.87719
2.75571
4.67529
4.23871
2.43454
3.42964
3.36903
3.92967
3.27097
3.57107
2.58289
2.8152
3.13542
2.91124
3.30056
2.97413
2.45881
1.90992
1.9004
3.49111
2.0851
2.70868
2.98397
1.68409
2.78774
1.54772
3.0391
4.10887
0.174217
4.21759
1.71221
0.761786
2.14059
3.27219
2.78105
4.05037
3.28264
3.22113
2.9951
4.04906
2.63094
2.49493
1.49866
2.17356
4.09348
1.17806
3.27183
3.60991
2.81709
3.25461
2.3415
3.24404
3.14967
2.1881
2.91225
2.5684
3.81282
2.13653
3.40727
2.75728
4.91112
2.08826
3.77936
3.90332
3.70626
1.88005
3.30162
3.34789
3.59006
1.57598
2.58558
2.15141
3.38528
2.17901
1.95199
1.55993
5.1045
3.949
3.09837
2.6954
2.76354
2.00162
3.69487
2.38424
3.27693
-0.335705
3.07787
3.79196
3.21326
1.87718
5.62351
3.67784
2.26971
1.70117
3.04333
5.21602
0.671898
4.39112
3.08021
2.42267
3.53438
2.19246
3.54231
3.16967
1.8422
1.35016
3.11825
4.23968
2.74514
2.58427
1.86023
3.39605
3.18924
3.13314
2.19338
3.82047
4.57303
2.35612
2.88509
2.42853
1.44627
4.88593
3.57903
3.79005
4.79843
4.66596
3.49001
3.55494
3.46634
2.05421
3.12665
4.30792
4.75177
4.07215
1.89969
5.06767
2.92355
2.37859
2.16259
3.99532
2.87673
1.97738
2.2056
1.95262
0.965378
2.84097
1.43795
1.8191
3.72035
3.22436
1.72061
3.20137
1.96445
2.73728
2.64077
2.63687
3.31898
2.81458
0.527511
2.53547
3.1333
2.56514
4.45715
3.97874
3.18911
2.59626
1.77805
2.09491
1.71211
2.95939
2.58583
2.37322
3.81224
1.68362
2.26971
2.4184
4.67463
2.88797
2.01524
3.02477
3.49282
2.73655
3.92805
4.41392
2.82822
2.70228
1.88154
1.30576
3.03326
3.30464
4.38905
3.39957
3.77044
1.53725
3.36361
1.44133
3.55345
2.11977
3.58188
3.3606
3.6441
3.16616
3.25551
3.33531
2.90751
2.47727
2.79541
4.19013
4.28777
3.10019
0.906199
2.25682
1.57638
2.80382
3.03133
3.72144
4.10398
2.30622
2.51644
1.47168
3.28074
3.81399
5.75079
4.06556
1.98366
1.83955
3.32336
2.82779
2.12101
3.18647
3.74829
3.70649
1.86638
3.09269
1.37537
4.20287
3.42498
3.51936
3.01873
3.78257
2.88966
4.2076
2.48256
2.17918
1.65114
3.67719
2.25532
2.72564
2.73482
4.959
2.27826
3.9968
4.08212
2.6616
2.94019
1.92124
3.22258
2.4639
1.3066
2.30323
2.11984
1.94107
2.93525
3.24753
3.77529
2.33605
2.73481
3.26635
4.12772
2.99795
4.15189
2.46065
3.95678
2.83904
2.67036
2.49488
3.28833
1.16791
3.50257
2.32016
2.77209
4.4571
2.33426
0.648949
4.49976
3.77235
2.265
2.61851
3.0736
3.83269
1.83082
3.47058
5.89115
3.54963
2.3113
2.56394
3.12191
2.7835
4.72133
1.54963
2.94387
1.96543
4.12328
4.78461
3.70188
3.16071
2.54377
3.68269
3.23111
3.90975
2.6408
3.06674
4.01598
3.30517
1.64646
2.27652
1.4321
2.73239
3.64503
2.27798
2.42518
3.91837
2.53586
1.90919
1.29542
3.62933
3.45349
4.21531
3.67026
2.7241
2.84432
4.74493
3.25685
2.43656
1.85703
3.45307
3.16456
4.21851
3.93648
3.99586
2.98453
2.74447
1.80711
3.22306
2.96649
3.00765
1.5435
1.06062
5.04969
2.67136
3.82404
1.4685
2.94148
1.44478
0.507036
2.01149
1.23728
2.17622
2.77294
3.7833
3.32232
4.06497
3.35686
4.39273
2.21001
2.62691
4.10065
3.45283
4.28822
2.95841
2.37234
1.43604
3.71895
3.31605
2.76464
4.57605
3.96934
2.79038
3.07214
5.29211
2.71116
2.52931
2.59626
3.20426
3.52054
3.37397
3.16367
3.58619
3.41896
2.00901
3.26607
4.87104
2.97531
3.02572
2.70707
1.4415
3.3688
0.417215
3.56756
2.94154
2.50025
3.27242
3.83378
3.46997
3.5091
4.10174
2.2824
3.15943
3.66635
3.01424
3.72744
2.70675
3.49075
3.49768
5.00518
2.67577
3.86764
3.50621
1.9242
3.52022
2.59897
3.7045
2.31075
4.49656
3.09772
3.04177
2.12659
1.89513
1.99355
4.70609
2.56596
1.71423
1.86753
0.872974
2.5811
5.96244
2.55479
2.23387
2.50383
1.52573
4.19842
2.73139
2.78965
2.70102
1.93117
2.89015
2.16382
3.06519
4.75737
2.35931
4.15124
3.30801
1.55964
3.24421
3.04203
2.66142
3.13787
3.38821
4.03299
2.76851
3.46109
1.94429
3.064
4.65617
1.71917
2.8955
4.3254
1.83646
3.81774
3.54595
3.03998
3.81643
0.61562
2.65015
3.11766
3.85689
2.01363
4.07531
2.74736
2.91227
2.9211
4.69183
2.75146
3.10286
2.77094
4.37441
2.47797
4.17009
2.12127
3.33941
4.07664
3.66768
4.78165
1.68106
2.43889
3.47709
3.2456
3.85278
3.26725
0.444521
3.59791
3.22021
4.02531
3.31822
4.09097
2.61813
4.20754
4.80469
3.61868
4.77444
3.82595
3.64762
2.92878
4.33546
2.89991
3.62486
2.24375
3.56325
3.78127
2.74213
3.13811
3.29235
3.33184
2.92884
4.54146
3.86804
3.91663
3.00453
3.02508
1.96031
2.41499
2.96545
3.05466
4.49452
2.57411
3.61556
2.99084
3.47352
3.92025
4.10199
3.13491
1.99052
1.88625
3.74146
3.78914
0.313608
3.74067
3.67857
2.63361
3.75402
3.54422
3.46175
2.97718
4.54835
2.42806
1.36332
3.4694
2.26531
5.08574
2.82498
3.81834
0.812766
2.29274
4.30806
2.48111
2.69981
2.55502
1.68172
3.0348
2.75793
3.39395
2.36923
3.52532
3.58191
2.39633
2.34309
4.09645
3.66189
2.25755
3.32625
2.29753
2.13963
2.46058
2.96343
4.13188
1.71854
3.20154
2.65995
5.11287
3.93159
2.43671
4.78404
3.99093
2.63074
3.79414
4.20406
2.39502
3.13053
4.15896
1.89101
2.9478
2.4409
1.25198
3.18666
1.80319
3.37572
2.84656
2.15058
2.35352
3.14522
2.54248
3.82284
1.30196
1.94078
3.75158
2.04651
2.55812
3.28514
2.23085
2.76219
3.87774
2.87311
1.64339
1.61282
3.67449
2.28244
2.89249
2.62011
3.54692
4.02927
3.60309
3.1503
4.78458
3.86067
4.29763
3.33228
2.3695
2.19913
3.82249
2.51875
2.23264
4.55276
3.81471
2.99817
4.37548
3.31414
4.28558
1.10036
4.25338
2.74956
3.21538
3.05633
3.12389
4.18578
3.33587
-0.0117285
1.08606
2.53148
1.57329
2.19592
2.00367
4.38308
4.06107
3.48251
4.34731
4.06305
1.89055
2.70225
1.45442
2.54183
1.80961
3.25199
0.27321
2.74863
